146 73 48 11 98 52 44 74 22 
146 91 120 144 19 130 36 10 40 22 
146 65 5 84 75 66 141 114 74 22 
146 48 55 98 89 137 26 92 22 
146 5 124 93 57 117 14 22 
146 91 58 20 23 126 83 74 22 
146 73 7 124 54 43 95 10 40 22 
146 48 84 55 109 119 137 38 26 92 22 
146 48 84 55 98 12 117 14 22 
146 91 129 120 19 43 93 133 83 74 22 
146 73 7 124 55 12 117 14 22 
146 7 147 124 55 12 117 14 22 
146 91 144 31 43 93 133 83 74 22 
146 91 120 144 19 54 95 10 40 22 
146 29 64 94 63 71 103 105 113 69 22 
146 48 84 75 66 57 117 14 22 
146 48 55 89 12 117 14 22 
146 29 64 127 109 21 25 113 92 22 
146 48 84 75 141 52 117 14 22 
146 91 58 111 138 131 40 22 
146 91 120 124 93 133 83 74 22 
146 48 84 75 93 141 82 140 74 22 
146 7 124 23 95 90 80 40 22 
146 48 55 109 21 128 25 113 22 
146 7 124 55 98 52 117 14 22 
146 7 124 93 57 117 14 22 
146 29 64 94 63 71 103 105 113 22 
146 7 147 124 85 93 57 114 74 22 
146 48 55 12 25 113 22 
146 48 75 93 126 140 74 22 
146 29 64 127 119 128 25 113 69 22 
146 5 147 124 55 82 140 74 22 
146 7 124 23 126 83 74 22 
146 7 147 85 8 93 133 83 74 22 
146 73 7 147 8 93 133 83 74 22 
146 5 147 124 8 126 83 74 22 
146 48 84 75 93 82 52 117 14 22 
146 48 75 66 12 117 74 22 
146 48 84 75 93 82 140 74 22 
146 5 84 75 127 24 137 38 26 92 22 
146 7 124 49 95 106 40 22 
146 7 124 8 126 83 74 22 
146 48 84 75 66 141 82 38 26 92 22 
146 91 144 23 8 133 83 74 22 
146 48 84 55 89 12 117 74 22 
146 48 84 75 66 133 140 69 22 
146 73 7 147 85 55 82 140 74 22 
146 48 55 89 81 105 113 22 
146 48 11 98 52 44 74 22 
146 91 129 147 75 66 141 114 74 22 
146 73 48 75 66 133 83 74 22 
146 91 129 147 75 141 114 74 22 
146 4 127 109 119 137 26 92 22 
146 91 58 111 95 10 40 22 
146 48 75 66 133 90 74 22 
146 91 129 120 144 8 133 83 74 22 
146 48 55 119 128 25 113 69 22 
146 29 64 94 37 71 103 105 69 22 
146 29 64 94 135 41 118 108 69 92 22 
146 48 75 93 126 140 44 14 22 
146 48 75 141 114 140 69 92 22 
146 91 61 31 43 95 10 40 22 
146 91 129 124 55 82 117 14 22 
146 48 75 18 12 137 26 92 22 
146 48 84 11 55 82 140 74 22 
146 7 147 75 55 18 82 140 74 22 
146 48 55 12 137 38 26 92 22 
146 29 64 127 119 81 105 113 92 22 
146 7 124 8 93 133 83 74 22 
146 29 64 127 119 81 105 113 69 22 
146 73 7 124 23 95 126 83 74 22 
146 48 84 75 93 126 140 14 22 
146 91 129 120 20 8 126 83 74 22 
146 7 84 11 98 52 44 74 22 
146 91 61 19 49 95 10 60 40 22 
146 5 124 23 95 90 80 40 22 
146 7 124 85 23 93 133 83 74 22 
146 91 147 75 141 114 74 22 
146 48 84 75 66 133 114 44 74 22 
146 48 55 24 128 86 113 22 
146 48 84 75 93 57 114 74 22 
146 48 55 24 116 137 38 14 22 
146 29 64 94 63 71 103 105 69 92 22 
146 5 124 23 93 133 83 74 22 
146 48 55 24 119 128 25 113 22 
146 7 147 124 8 126 83 74 22 
146 48 84 75 55 12 117 14 22 
146 48 75 18 52 38 14 22 
146 48 75 93 126 114 74 22 
146 29 64 127 35 119 137 38 26 92 22 
146 5 48 75 141 114 74 22 
146 91 61 20 23 126 83 74 22 
146 5 72 20 43 95 106 80 40 22 
146 48 55 109 21 25 113 69 22 
146 29 64 127 119 81 105 69 92 22 
146 48 84 55 12 117 14 22 
146 91 129 144 8 93 133 83 74 22 
146 5 72 85 93 133 83 74 22 
146 91 129 144 58 23 126 83 74 22 
146 48 84 75 98 12 117 14 22 
146 91 129 120 85 93 133 83 74 22 
146 91 120 85 93 126 83 74 22 
146 91 120 20 23 126 83 74 22 
146 48 75 93 133 140 74 22 
146 29 64 94 135 30 105 113 92 22 
146 7 147 75 141 114 74 22 
146 29 64 94 135 128 86 69 22 
146 7 124 23 95 90 79 125 22 
146 5 124 8 18 52 117 14 22 
146 5 124 54 43 95 90 40 22 
146 91 144 19 96 49 95 10 40 22 
146 48 75 18 12 117 74 22 
146 48 75 66 82 38 26 92 22 
146 48 84 55 12 139 26 92 22 
146 91 129 120 85 93 126 83 74 22 
146 5 72 20 43 138 10 40 22 
146 5 124 8 66 114 74 22 
146 5 147 8 133 83 74 22 
146 5 124 85 23 95 126 83 74 22 
146 91 120 19 54 95 10 40 22 
146 48 75 18 82 117 38 113 92 22 
146 73 72 20 13 54 93 133 83 74 22 
146 48 75 93 82 140 44 74 22 
146 48 55 24 116 137 26 92 22 
146 5 72 147 75 66 141 114 74 22 
146 91 120 31 27 54 95 10 40 22 
146 91 120 31 43 95 10 40 22 
146 91 61 144 85 93 133 83 74 22 
146 29 64 127 109 30 105 113 69 22 
146 48 55 52 139 113 92 22 
146 48 75 66 133 140 74 22 
146 5 147 75 98 52 44 74 22 
146 29 64 127 35 21 128 25 113 69 22 
146 48 84 75 93 141 82 140 44 74 22 
146 48 84 127 24 137 38 14 22 
146 5 147 8 141 82 140 74 22 
146 48 75 66 57 133 83 44 14 22 
146 5 124 85 23 126 83 74 22 
146 4 32 127 24 137 26 92 22 
146 5 120 85 93 133 83 74 22 
146 4 32 127 119 137 38 26 92 22 
146 48 75 93 141 82 117 14 22 
146 91 144 19 43 93 133 83 74 22 
146 29 64 127 35 21 41 118 77 69 22 
146 73 7 124 23 138 10 40 22 
146 48 75 93 52 44 74 22 
146 48 55 109 116 128 25 113 22 
146 48 75 93 133 114 140 74 22 
146 91 144 124 93 133 83 74 22 
146 5 147 8 18 52 117 14 22 
146 91 61 31 142 130 36 10 40 22 
146 91 61 144 8 126 83 74 22 
146 91 120 19 13 54 95 10 40 22 
146 48 55 109 21 25 113 92 22 
146 7 147 49 95 106 40 22 
146 91 129 144 23 126 83 74 22 
146 91 120 144 31 43 93 133 83 74 22 
146 29 64 127 119 81 105 113 22 
146 5 124 23 95 126 83 74 22 
146 48 55 98 52 117 14 22 
146 4 11 98 52 117 14 22 
146 48 55 119 139 26 92 22 
146 5 84 55 18 82 140 44 74 22 
146 91 120 31 111 138 10 40 22 
146 48 84 75 66 133 83 74 22 
146 48 84 75 18 137 26 92 22 
146 7 124 23 95 90 74 22 
146 48 84 55 12 137 38 26 92 22 
146 29 64 127 35 119 137 38 14 22 
146 7 124 54 43 95 106 40 22 
146 91 58 96 8 126 83 74 22 
146 29 64 127 119 128 86 69 22 
146 7 124 54 43 138 131 40 22 
146 7 124 54 43 138 10 40 22 
146 91 61 19 49 95 10 40 22 
146 5 72 20 43 95 90 40 22 
146 48 84 55 24 137 38 14 22 
146 91 84 75 141 114 74 22 
146 73 7 124 93 57 114 74 22 
146 91 144 8 126 83 74 22 
146 29 64 127 35 135 30 105 113 92 22 
146 73 7 124 93 82 117 14 22 
146 29 64 94 135 41 118 77 69 22 
146 5 48 75 66 141 114 74 22 
146 7 147 124 93 57 114 74 22 
146 48 55 12 139 26 92 22 
146 48 84 55 119 137 26 92 22 
146 91 120 144 27 43 95 10 40 22 
146 7 124 85 23 141 114 74 22 
146 91 129 120 20 23 126 83 74 22 
146 91 144 85 93 133 83 74 22 
146 5 72 20 43 95 90 80 40 22 
146 29 64 127 109 119 137 26 92 22 
146 91 129 120 31 43 93 133 83 74 22 
146 7 147 8 141 82 140 74 22 
146 48 75 66 133 114 74 22 
146 73 7 147 8 133 83 74 22 
146 5 72 147 75 66 114 74 22 
146 91 129 120 58 96 49 93 133 83 74 22 
146 5 147 75 141 114 140 74 22 
146 7 147 75 55 82 140 74 22 
146 29 64 94 35 109 119 137 26 92 22 
146 5 84 75 66 114 140 74 22 
146 91 129 120 19 54 95 10 40 22 
146 48 55 109 128 25 113 22 
146 5 124 85 93 133 83 74 22 
146 4 32 55 82 140 74 22 
146 91 129 58 96 23 126 83 74 22 
146 5 124 85 23 138 10 40 22 
146 29 64 94 37 116 137 26 92 22 
146 5 124 23 138 106 80 40 22 
146 91 120 31 54 95 10 40 22 
146 29 64 127 35 30 105 69 22 
146 4 11 127 24 137 38 14 22 
146 48 84 75 66 57 90 74 22 
146 48 55 12 139 113 22 
146 91 120 31 142 130 36 10 40 22 
146 5 124 93 141 82 117 14 22 
146 91 58 19 43 93 133 83 74 22 
146 29 64 127 35 21 25 113 69 22 
146 73 7 147 8 126 83 74 22 
146 29 64 127 24 128 25 113 92 22 
146 48 75 141 82 52 117 14 22 
146 5 124 23 95 90 74 22 
146 29 64 94 37 21 128 25 113 22 
146 7 124 85 23 95 106 40 22 
146 48 55 109 116 128 86 113 22 
146 5 72 20 8 126 83 74 22 
146 5 84 55 82 140 74 22 
146 5 124 85 55 82 140 74 22 
146 48 75 98 82 140 74 22 
146 5 124 85 23 141 114 74 22 
146 48 84 55 98 12 137 26 92 22 
146 5 147 75 66 114 74 22 
146 29 64 127 24 128 86 113 22 
146 7 124 23 141 114 74 22 
146 29 64 127 119 103 105 69 22 
146 7 124 54 95 90 40 22 
146 7 147 8 126 83 74 22 
146 48 75 66 57 117 69 132 22 
146 29 64 127 109 21 128 86 69 22 
146 7 147 8 18 52 117 14 22 
146 7 84 55 82 140 44 74 22 
146 91 58 96 23 126 83 74 22 
146 91 144 31 27 54 95 10 40 22 
146 48 55 12 86 69 92 22 
146 91 129 120 144 20 23 126 83 74 22 
146 48 55 24 128 25 113 69 22 
146 48 75 66 133 83 74 14 22 
146 7 124 85 23 95 106 79 125 22 
146 48 75 18 82 117 38 26 92 22 
146 91 129 147 75 141 114 140 74 22 
146 29 64 94 135 41 118 108 69 22 
146 73 7 124 55 82 140 74 22 
146 29 64 127 37 21 25 113 69 22 
146 91 144 31 27 43 95 10 40 22 
146 48 75 141 114 26 92 22 
146 5 124 54 138 106 80 40 22 
146 29 64 94 35 119 137 38 26 92 22 
146 91 58 23 126 83 74 22 
146 91 120 144 31 54 95 10 40 22 
146 7 84 55 18 82 140 74 22 
146 7 124 85 93 57 114 74 22 
146 48 75 66 133 114 140 44 74 22 
146 7 124 23 138 106 80 40 22 
146 29 64 94 37 71 103 105 113 69 22 
146 7 124 23 138 106 40 22 
146 5 147 49 8 126 83 74 22 
146 5 72 20 13 36 138 131 40 22 
146 91 129 124 55 82 140 44 74 22 
146 48 75 93 126 90 83 74 22 
146 5 124 23 95 90 79 125 22 
146 91 144 19 13 54 95 10 40 22 
146 48 55 109 116 137 26 92 22 
146 48 75 66 57 52 38 69 22 
146 48 84 75 66 133 140 44 74 22 
146 48 84 75 66 57 52 38 14 22 
146 48 55 89 81 105 113 92 22 
146 48 55 24 137 38 26 92 22 
146 5 48 75 66 114 74 22 
146 48 75 66 57 117 26 69 92 22 
146 48 75 66 12 117 14 22 
146 29 64 127 37 21 25 113 92 22 
146 48 75 66 133 140 69 132 22 
146 73 7 124 93 126 90 83 74 22 
146 5 48 84 75 66 114 74 22 
146 7 147 49 8 126 83 74 22 
146 48 84 75 93 126 83 74 22 
146 48 75 55 89 12 117 14 22 
146 73 5 72 85 93 133 83 74 22 
146 91 129 120 144 8 93 133 83 74 22 
146 48 11 98 52 117 44 74 22 
146 29 64 127 35 30 105 113 69 22 
146 91 129 124 55 82 140 74 22 
146 29 64 127 35 135 41 118 77 108 69 22 
146 29 64 127 35 21 41 118 108 69 92 22 
146 5 84 75 66 141 114 74 22 
146 48 11 98 52 117 14 22 
146 91 120 144 19 142 36 10 40 22 
146 4 75 66 133 83 44 14 22 
146 48 55 109 116 128 25 113 69 22 
146 4 75 66 133 83 74 22 
146 91 120 13 54 93 133 83 74 22 
146 91 84 75 66 114 140 74 22 
146 5 124 23 95 106 80 40 22 
146 73 48 75 66 133 83 44 14 22 
146 48 55 12 137 25 113 22 
146 5 72 20 23 8 126 83 74 22 
146 5 124 23 8 93 133 83 74 22 
146 5 72 124 55 82 140 44 74 22 
146 48 84 75 93 133 140 74 22 
146 5 124 8 126 83 74 22 
146 48 75 141 82 38 26 92 22 
146 91 120 20 23 8 126 83 74 22 
146 48 75 93 52 117 14 22 
146 73 7 147 8 141 82 140 74 22 
146 5 124 23 126 83 74 22 
146 48 75 98 12 117 14 22 
146 29 64 127 35 119 137 26 92 22 
146 5 147 75 66 114 140 74 22 
146 29 64 94 37 71 103 105 113 22 
146 7 124 93 141 82 117 14 22 
146 91 144 8 133 83 74 22 
146 48 84 75 66 133 117 74 22 
146 7 147 49 95 106 80 40 22 
146 29 64 127 109 116 30 105 69 22 
146 73 72 20 23 126 83 74 22 
146 29 64 127 35 109 119 137 38 26 92 22 
146 48 55 89 81 105 69 22 
146 5 147 85 55 82 140 74 22 
146 48 75 66 57 117 26 92 22 
146 91 58 111 138 10 40 22 
146 73 72 147 75 66 114 140 74 22 
146 7 147 8 133 140 74 22 
146 7 124 54 138 106 40 22 
146 91 120 58 96 23 126 83 74 22 
146 7 147 75 98 52 117 14 22 
146 48 75 66 133 117 74 22 
146 48 55 109 116 81 105 113 69 22 
146 91 129 147 75 66 114 74 22 
146 48 75 66 57 117 74 22 
146 48 55 18 137 26 92 22 
146 7 84 11 98 52 117 14 22 
146 48 55 89 25 113 22 
146 73 7 124 55 98 52 117 14 22 
146 48 75 66 133 140 69 22 
146 91 84 75 66 141 114 74 22 
146 7 124 23 95 106 80 40 22 
146 48 55 12 139 86 69 22 
146 48 75 93 57 117 14 22 
146 91 72 147 75 141 114 74 22 
146 48 55 12 25 113 69 22 
146 48 75 93 126 114 140 74 22 
146 91 61 31 54 95 10 60 40 22 
146 29 64 127 24 128 25 113 69 22 
146 48 55 119 137 38 26 92 22 
146 4 32 55 82 117 14 22 
146 48 75 66 57 133 140 14 22 
146 48 55 12 137 26 92 22 
146 48 55 35 116 137 38 26 92 22 
146 48 84 55 89 12 117 14 22 
146 48 55 12 86 113 22 
146 7 124 93 126 140 74 22 
146 5 84 75 127 24 137 38 14 22 
146 48 75 18 12 38 26 92 22 
146 5 84 75 127 119 137 26 92 22 
146 5 124 54 93 133 83 74 22 
146 91 129 58 23 126 83 74 22 
146 5 124 55 12 117 14 22 
146 5 72 147 75 66 114 140 74 22 
146 29 64 127 119 128 25 113 22 
146 48 55 12 86 113 92 22 
146 91 144 19 142 36 10 40 22 
146 4 11 98 52 117 74 22 
146 73 7 84 75 66 114 74 22 
146 73 7 124 85 55 82 140 74 22 
146 5 84 75 127 119 137 38 26 92 22 
146 48 84 55 98 89 12 117 14 22 
146 48 55 109 116 81 105 113 22 
146 29 64 127 35 21 41 118 77 108 69 22 
146 48 84 75 18 82 117 38 113 22 
146 48 75 66 141 117 38 26 92 22 
146 48 84 75 93 126 114 140 74 22 
146 91 144 19 54 95 10 40 22 
146 7 84 75 66 141 114 74 22 
146 48 75 141 117 38 14 22 
146 7 84 75 141 114 74 22 
146 7 124 8 133 140 74 22 
146 7 124 54 43 95 90 80 40 22 
146 91 144 27 111 138 10 40 22 
146 91 120 144 20 23 126 83 74 22 
146 29 64 127 109 21 128 25 113 92 22 
146 7 124 54 95 106 80 40 22 
146 48 75 141 82 52 38 26 92 22 
146 7 124 85 23 95 90 79 125 22 
146 48 75 66 133 114 44 74 22 
146 48 55 12 117 14 22 
146 4 127 24 137 26 92 22 
146 48 75 93 133 114 74 22 
146 48 84 75 93 126 114 74 22 
146 48 55 12 139 86 113 69 22 
146 7 124 85 8 93 133 83 74 22 
146 4 32 127 109 119 137 38 26 92 22 
146 48 55 109 116 81 105 69 92 22 
146 91 58 96 49 93 133 83 74 22 
146 48 55 109 128 25 113 92 22 
146 73 7 124 93 57 117 14 22 
146 5 147 124 55 98 52 117 14 22 
146 48 84 75 141 82 38 26 92 22 
146 91 144 19 49 95 10 40 22 
146 48 84 55 98 52 117 14 22 
146 73 4 11 55 18 82 140 74 22 
146 48 75 66 133 140 44 14 22 
146 48 55 89 128 86 113 22 
146 91 58 19 54 95 10 40 22 
146 48 75 18 137 26 92 22 
146 48 84 75 141 52 38 26 92 22 
146 91 85 55 18 82 140 74 22 
146 5 147 8 126 83 74 22 
146 48 75 93 82 117 14 22 
146 91 120 124 93 133 140 74 22 
146 5 147 124 8 93 133 83 74 22 
146 91 129 58 111 95 10 40 22 
146 91 120 144 8 93 133 83 74 22 
146 4 127 109 119 137 38 14 22 
146 29 64 94 135 30 105 113 22 
146 48 75 66 52 117 14 22 
146 73 7 124 54 95 90 40 22 
146 48 84 75 93 141 82 117 14 22 
146 48 55 98 52 44 74 22 
146 5 124 85 23 66 82 140 74 22 
146 29 64 127 109 116 30 105 69 92 22 
146 73 7 124 85 93 133 83 74 22 
146 48 75 18 12 38 14 22 
146 73 7 124 54 138 106 40 22 
146 5 124 54 95 90 40 22 
146 48 75 18 82 117 38 113 69 22 
146 91 129 147 75 66 114 140 74 22 
146 29 64 127 35 21 30 105 113 69 22 
146 48 55 18 12 117 14 22 
146 48 84 55 52 139 26 92 22 
146 48 84 75 66 57 117 69 92 22 
146 7 147 124 85 8 93 133 83 74 22 
146 48 84 75 66 133 140 44 14 22 
146 5 124 55 18 82 140 74 22 
146 5 124 23 138 10 40 22 
146 7 147 124 55 82 140 74 22 
146 7 124 93 82 117 14 22 
146 48 55 24 116 128 25 113 69 22 
146 48 75 141 57 117 14 22 
146 29 64 94 37 71 103 105 69 92 22 
146 91 129 144 8 133 83 74 22 
146 5 124 8 141 82 140 74 22 
146 48 75 93 141 82 140 44 74 22 
146 29 64 127 24 116 128 86 113 22 
146 29 64 127 35 135 41 118 77 69 92 22 
146 91 147 75 66 114 74 22 
146 48 55 24 116 137 38 26 92 22 
146 29 64 127 35 135 30 105 113 22 
146 73 48 11 98 52 117 14 22 
146 91 120 19 13 49 95 10 40 22 
146 91 129 144 20 23 126 83 74 22 
146 29 64 127 35 30 105 113 92 22 
146 7 124 93 82 52 117 14 22 
146 48 55 109 116 128 25 113 92 22 
146 48 55 89 137 38 26 92 22 
146 48 75 93 57 140 74 22 
146 91 144 23 93 133 83 74 22 
146 48 75 66 57 117 38 26 92 22 
146 7 124 23 138 10 40 22 
146 7 4 11 98 52 117 14 22 
146 29 64 127 24 116 128 86 69 22 
146 48 55 89 12 117 74 22 
146 48 84 55 119 139 26 92 22 
146 48 75 66 133 140 14 22 
146 5 124 93 82 52 117 14 22 
146 48 84 75 66 57 52 44 74 22 
146 29 64 127 35 21 41 118 77 69 92 22 
146 91 120 58 23 126 83 74 22 
146 48 55 89 128 25 113 92 22 
146 29 64 127 109 116 30 105 113 92 22 
146 29 64 127 35 135 128 86 69 22 
146 48 84 75 66 82 38 26 92 22 
146 29 64 127 37 21 25 113 22 
146 29 64 127 24 128 25 113 22 
146 5 147 75 55 82 140 44 74 22 
146 91 129 20 43 95 10 40 22 
146 48 75 18 137 38 26 92 22 
146 29 64 127 109 119 137 38 26 92 22 
146 48 55 109 116 128 86 69 22 
146 48 84 75 93 141 117 14 22 
146 91 61 31 27 142 130 36 10 40 22 
146 7 124 54 95 106 40 22 
146 7 147 8 141 114 74 22 
146 91 129 120 58 23 126 83 74 22 
146 7 147 124 85 93 133 83 74 22 
146 48 75 55 98 52 117 74 22 
146 29 64 127 109 30 105 113 92 22 
146 91 144 19 130 36 10 40 22 
146 48 84 75 18 12 38 26 92 22 
