146 5 72 20 130 78 59 2 22 
146 5 124 23 138 131 40 22 
146 48 55 82 140 74 22 
146 29 64 94 63 135 128 86 69 22 
146 29 64 127 116 81 105 113 69 22 
146 73 7 124 85 8 126 83 74 22 
146 7 124 49 138 10 40 22 
146 29 64 127 109 128 105 113 22 
146 29 64 127 35 119 137 38 26 92 22 
146 7 124 54 43 138 10 40 22 
146 29 64 127 109 128 86 69 22 
146 7 124 23 95 68 2 22 
146 4 11 98 52 44 74 22 
146 7 124 8 126 83 74 22 
146 91 129 20 13 54 95 10 40 22 
146 5 124 23 95 59 2 22 
146 29 1 127 119 137 26 92 22 
146 7 124 85 93 133 83 74 22 
146 7 147 49 36 104 102 2 22 
146 5 124 49 36 10 40 22 
146 48 84 55 12 117 14 22 
146 5 72 20 13 54 95 10 40 22 
146 48 75 98 12 117 14 22 
146 5 72 20 130 9 102 2 22 
146 5 72 20 13 130 36 10 60 40 22 
146 48 84 55 52 117 14 22 
146 7 124 54 43 36 10 40 22 
146 29 64 127 35 116 137 26 92 22 
146 5 72 20 130 9 102 2 125 22 
146 28 56 19 43 95 10 40 22 
146 29 64 94 37 116 137 38 14 22 
146 29 64 94 135 128 25 113 69 22 
146 5 72 20 130 36 10 40 22 
146 29 64 127 109 128 105 69 22 
146 29 64 94 24 137 26 92 22 
146 7 124 49 36 46 68 2 22 
146 7 124 85 23 95 59 2 22 
146 29 64 94 135 103 105 113 22 
146 29 1 17 70 37 116 137 26 92 22 
146 5 124 23 95 131 40 22 
146 29 64 94 109 119 137 38 14 22 
146 91 120 13 54 95 10 60 40 22 
146 91 61 19 43 95 131 40 22 
146 29 64 127 109 119 137 38 14 22 
146 48 55 98 52 44 74 22 
146 48 75 98 52 44 74 22 
146 5 124 85 93 133 83 74 22 
146 91 61 31 43 95 10 40 22 
146 5 124 49 36 78 59 2 22 
146 4 11 98 82 140 74 22 
146 48 55 12 38 26 92 22 
146 28 145 56 31 43 95 10 40 22 
146 29 64 94 37 116 137 26 92 22 
146 91 129 144 13 54 95 10 40 22 
146 5 124 23 138 10 40 22 
146 29 64 127 109 128 81 105 113 22 
146 5 72 20 96 95 10 40 22 
146 7 124 49 36 78 62 102 2 22 
146 29 17 34 37 116 137 26 92 22 
146 91 61 19 43 95 10 60 40 22 
146 29 64 127 35 30 105 113 69 22 
146 91 120 31 43 95 10 40 22 
146 29 64 127 109 116 137 26 92 22 
146 29 64 94 135 103 105 113 69 22 
146 48 84 55 12 38 26 92 22 
146 91 58 13 54 95 10 40 22 
146 7 124 54 36 10 40 22 
146 7 147 49 95 10 40 22 
146 29 17 94 119 137 26 92 22 
146 91 120 20 96 95 10 40 22 
146 48 55 82 140 44 74 22 
146 5 72 20 43 36 10 40 22 
146 7 124 23 138 68 2 22 
146 48 75 93 133 83 74 22 
146 4 11 98 52 117 14 22 
146 29 64 127 35 21 128 86 69 22 
146 29 64 94 63 21 25 113 92 22 
146 48 75 18 52 117 14 22 
146 29 64 127 109 128 81 88 33 132 22 
146 48 55 18 82 140 74 22 
146 29 64 94 135 128 86 69 22 
146 7 124 23 95 100 125 22 
146 29 64 127 109 128 81 105 113 69 22 
146 5 124 23 126 83 74 22 
146 48 55 98 89 12 117 14 22 
146 7 147 96 138 10 40 22 
146 91 129 144 19 43 95 10 40 22 
146 29 64 94 119 137 38 26 92 22 
146 29 64 94 109 119 137 38 26 92 22 
146 7 124 85 8 126 83 74 22 
146 29 64 127 109 128 108 69 92 22 
146 29 17 70 37 116 137 26 92 22 
146 29 64 127 116 128 25 113 69 22 
146 29 64 127 24 137 38 26 92 22 
146 48 55 89 25 113 69 22 
146 5 72 20 130 9 149 2 22 
146 48 55 98 89 137 26 92 22 
146 29 17 34 35 109 119 137 26 92 22 
146 65 28 145 56 31 43 95 10 40 22 
146 91 144 96 95 10 40 22 
146 5 124 49 95 10 40 22 
146 29 1 34 94 119 137 26 92 22 
146 91 129 58 13 54 95 10 40 22 
146 5 72 20 13 54 95 10 60 40 22 
146 7 124 85 23 95 100 125 22 
146 91 129 120 13 54 95 10 40 22 
146 48 84 55 89 137 26 92 22 
146 7 147 96 54 95 10 40 22 
146 7 124 85 23 138 46 68 2 22 
146 29 64 127 35 21 30 105 113 22 
146 29 64 94 37 21 25 113 92 22 
146 5 124 49 36 68 2 22 
146 29 64 94 35 119 137 38 26 92 22 
146 29 64 127 35 21 25 113 69 22 
146 29 64 127 35 21 81 105 113 22 
146 29 64 127 119 139 113 69 22 
146 5 124 54 36 10 40 22 
146 7 124 23 138 10 40 22 
146 29 64 94 135 128 25 113 22 
146 28 145 56 13 54 95 10 40 22 
146 29 64 94 37 135 128 25 113 69 22 
146 29 64 94 63 135 128 25 113 69 22 
146 29 64 94 35 109 119 137 26 92 22 
146 5 72 20 96 54 95 10 40 22 
146 7 124 23 138 46 68 2 22 
146 29 1 70 37 116 137 26 92 22 
146 29 64 127 109 128 81 88 33 92 22 
146 91 56 19 43 95 10 40 22 
146 91 129 20 13 43 95 10 40 22 
146 91 129 58 54 95 10 40 22 
146 29 64 94 63 116 137 26 92 22 
146 7 124 85 23 138 131 40 22 
146 5 147 96 138 10 40 22 
146 5 72 20 130 78 59 100 125 22 
146 91 120 58 13 54 95 10 40 22 
146 48 75 66 114 74 22 
146 7 147 49 138 10 40 22 
146 48 55 12 38 14 22 
146 5 72 20 130 78 59 2 125 22 
146 29 64 94 37 21 25 113 22 
146 5 72 20 43 138 131 40 22 
146 5 124 93 133 83 74 22 
146 101 34 94 119 137 38 26 92 22 
146 7 147 96 95 10 40 22 
146 7 147 49 36 68 2 22 
146 73 7 124 54 36 10 40 22 
146 91 120 144 23 126 83 74 22 
146 29 64 127 35 21 118 77 108 69 22 
146 7 124 23 95 59 2 22 
146 48 75 18 82 140 44 74 22 
146 7 124 23 95 131 40 22 
146 7 124 49 95 10 40 22 
146 91 120 13 54 95 10 40 22 
146 29 64 94 37 21 25 113 69 22 
146 29 64 127 119 137 38 14 22 
146 5 124 23 95 10 40 22 
146 29 1 17 34 37 116 137 26 92 22 
146 29 64 127 116 118 110 33 132 22 
146 7 124 23 138 59 2 22 
146 29 64 127 35 21 25 113 22 
146 29 64 94 63 21 25 113 69 22 
146 91 144 19 130 36 10 40 22 
146 29 64 127 119 25 113 22 
146 7 124 54 138 10 40 22 
146 91 120 20 54 95 10 40 22 
146 5 124 85 8 126 83 74 22 
146 29 1 34 35 119 137 26 92 22 
146 29 64 127 109 116 128 25 113 22 
146 91 58 54 95 10 40 22 
146 29 64 127 35 21 118 77 69 22 
146 48 84 75 98 52 117 14 22 
146 48 55 89 25 113 22 
146 29 64 94 135 30 105 113 69 22 
146 7 124 23 138 131 40 22 
146 29 64 94 63 116 137 38 26 92 22 
146 28 145 143 19 43 95 10 40 22 
146 7 124 49 36 78 59 2 22 
146 5 124 54 43 36 10 40 22 
146 29 1 17 34 63 116 137 26 92 22 
146 29 64 94 37 116 137 38 26 92 22 
146 48 75 18 82 140 74 22 
146 48 55 12 137 26 92 22 
146 48 55 89 137 26 92 22 
146 48 75 98 52 117 14 22 
146 91 120 58 54 95 10 40 22 
146 29 64 94 63 21 25 113 22 
146 5 72 20 43 95 10 40 22 
146 5 72 20 13 43 95 10 40 22 
146 91 144 54 95 10 40 22 
146 5 124 23 138 59 2 22 
146 29 64 127 109 116 118 110 33 22 
146 7 147 96 138 131 40 22 
146 5 124 23 138 46 68 2 22 
146 5 72 20 13 43 95 10 60 40 22 
146 48 84 75 18 82 140 74 22 
146 29 64 127 119 139 113 22 
146 29 1 34 37 116 137 26 92 22 
146 65 28 56 31 43 95 10 40 22 
146 48 55 98 12 117 14 22 
146 29 64 127 116 81 105 113 22 
146 29 64 94 63 116 137 38 14 22 
146 29 64 94 119 137 26 92 22 
146 29 17 70 63 116 137 26 92 22 
146 29 64 127 109 128 105 113 69 22 
146 29 1 127 24 137 26 92 22 
146 91 120 144 19 43 95 10 40 22 
146 7 124 93 133 83 74 22 
146 29 64 127 35 30 105 69 22 
146 29 64 127 109 128 81 88 33 22 
146 29 1 94 119 137 26 92 22 
146 65 145 56 31 43 95 10 40 22 
146 7 124 85 23 126 83 74 22 
146 29 64 127 109 128 81 105 69 22 
146 5 124 49 138 10 40 22 
146 29 64 127 109 128 108 113 22 
146 29 64 94 135 30 105 69 22 
146 29 64 127 109 128 25 113 22 
146 5 124 54 95 10 40 22 
146 91 144 8 126 83 74 22 
146 29 64 127 116 118 88 33 132 22 
146 91 129 20 96 95 10 40 22 
146 48 84 75 66 114 74 22 
146 29 64 127 109 119 137 26 92 22 
146 29 64 127 109 128 108 69 22 
146 91 120 19 130 36 10 40 22 
146 29 64 127 109 128 25 113 69 22 
146 91 58 43 95 10 40 22 
146 29 1 34 63 116 137 26 92 22 
146 7 147 49 36 78 62 102 2 22 
146 29 64 127 119 137 26 92 22 
146 7 124 85 23 95 10 40 22 
146 5 124 54 138 10 40 22 
146 29 64 94 116 137 26 92 22 
146 5 124 54 43 95 10 40 22 
146 29 17 34 63 116 137 26 92 22 
146 91 144 31 43 95 10 40 22 
146 48 84 55 98 12 117 14 22 
146 29 64 127 116 81 105 69 22 
146 5 147 96 95 10 40 22 
146 5 124 49 36 78 62 102 2 22 
146 5 124 49 36 46 68 2 22 
146 91 144 96 54 95 10 40 22 
146 91 129 20 13 130 36 10 40 22 
146 101 34 94 119 137 26 92 22 
146 29 64 127 24 137 26 92 22 
146 29 1 94 24 137 26 92 22 
146 91 61 31 43 95 131 40 22 
146 29 64 94 119 137 38 14 22 
146 5 124 23 95 68 2 22 
146 29 64 127 35 109 119 137 26 92 22 
146 7 124 85 23 138 59 2 22 
146 28 56 13 54 95 10 40 22 
146 48 84 55 12 137 26 92 22 
146 7 124 49 36 62 102 2 22 
146 29 64 127 35 119 137 26 92 22 
146 48 84 55 98 52 117 14 22 
146 29 64 94 109 119 137 26 92 22 
146 29 17 34 35 119 137 26 92 22 
146 7 147 8 126 83 74 22 
146 48 55 89 25 113 92 22 
146 7 124 23 95 10 40 22 
146 73 7 124 93 133 83 74 22 
146 7 124 49 36 104 102 2 22 
146 29 64 127 116 118 77 69 22 
146 29 64 127 35 21 25 113 92 22 
146 29 64 127 119 139 26 92 22 
146 5 124 23 138 68 2 22 
146 5 147 8 126 83 74 22 
146 91 129 20 43 95 10 40 22 
146 5 72 20 43 138 10 40 22 
146 7 124 85 23 138 10 40 22 
146 73 7 124 54 95 10 40 22 
146 7 124 85 23 95 68 2 22 
146 91 129 58 43 95 10 40 22 
146 48 75 55 89 12 117 14 22 
146 7 124 85 23 138 68 2 22 
146 5 72 20 54 95 10 40 22 
146 7 124 49 36 68 2 22 
146 91 56 13 54 95 10 40 22 
146 48 84 55 82 140 74 22 
146 29 64 127 35 21 30 105 113 69 22 
146 29 64 127 109 116 118 88 33 22 
146 5 124 49 36 104 102 2 22 
146 29 17 127 24 137 26 92 22 
146 7 147 49 36 78 59 2 22 
146 29 64 127 119 25 113 69 22 
146 48 55 52 117 14 22 
146 7 124 49 36 10 40 22 
146 48 55 89 12 117 14 22 
146 48 75 141 114 74 22 
146 29 64 127 35 21 118 108 69 22 
146 91 120 144 13 54 95 10 40 22 
146 29 17 34 94 119 137 26 92 22 
146 48 55 98 12 137 26 92 22 
146 7 124 54 95 10 40 22 
146 29 64 127 35 21 128 25 113 69 22 
146 29 64 127 35 21 30 105 69 22 
146 91 129 144 23 126 83 74 22 
146 29 64 127 35 21 81 105 69 22 
146 29 1 17 70 63 116 137 26 92 22 
146 29 64 127 35 21 81 105 113 69 22 
146 29 64 127 119 25 113 92 22 
146 91 129 20 130 36 10 40 22 
146 29 64 127 109 119 137 38 26 92 22 
146 91 144 19 43 95 10 40 22 
146 91 61 19 43 95 10 40 22 
146 91 120 144 19 130 36 10 40 22 
146 7 147 49 36 46 68 2 22 
146 48 84 75 93 133 83 74 22 
146 7 124 85 23 95 131 40 22 
146 29 64 127 35 116 137 38 26 92 22 
146 28 56 31 43 95 10 40 22 
146 7 124 54 138 131 40 22 
146 29 64 94 35 119 137 26 92 22 
146 29 17 34 94 24 137 26 92 22 
146 101 34 94 24 137 26 92 22 
146 29 64 127 116 118 110 33 22 
146 29 64 94 63 135 128 25 113 22 
146 73 7 124 85 93 133 83 74 22 
146 28 145 56 19 43 95 10 40 22 
146 7 147 49 36 62 102 2 22 
146 28 56 19 43 95 10 60 40 22 
146 7 124 23 126 83 74 22 
146 73 7 124 8 126 83 74 22 
146 91 120 20 96 54 95 10 40 22 
146 29 64 127 119 137 38 26 92 22 
146 48 55 98 52 117 14 22 
146 29 64 127 116 137 26 92 22 
146 29 64 94 37 135 128 86 69 22 
146 29 64 127 116 128 25 113 22 
146 91 61 31 43 95 10 60 40 22 
146 5 124 49 36 62 102 2 22 
146 29 64 94 135 30 105 113 22 
146 91 120 58 43 95 10 40 22 
146 48 55 52 44 74 22 
146 7 124 54 43 95 10 40 22 
146 91 120 19 43 95 10 40 22 
146 5 72 20 43 95 10 60 40 22 
146 91 120 144 8 126 83 74 22 
146 29 1 70 63 116 137 26 92 22 
146 5 124 8 126 83 74 22 
146 7 147 49 36 10 40 22 
146 91 144 13 54 95 10 40 22 
146 48 84 55 89 12 117 14 22 
146 29 64 94 37 135 128 25 113 22 
146 29 64 127 116 137 38 26 92 22 
146 91 58 96 54 95 10 40 22 
146 29 64 127 116 118 108 69 22 
146 29 64 127 35 30 105 113 22 
146 28 56 13 54 95 10 60 40 22 
146 29 64 94 135 103 105 69 22 
146 91 129 20 96 54 95 10 40 22 
146 91 129 20 54 95 10 40 22 
146 29 64 127 35 21 128 25 113 22 
146 5 124 23 95 100 125 22 
146 29 64 127 116 118 77 108 69 22 
146 29 64 127 116 118 88 33 22 
146 91 144 23 126 83 74 22 
146 48 55 12 117 14 22 
146 5 72 20 13 130 36 10 40 22 
