1 0 0 0
2 50 0 0
3 50 0 -5
4 150 50 0
5 150 50 -5
6 150 -50 0
7 150 -50 -5
8 100 50 0
9 100 50 -5
10 100 -50 0
11 100 -50 -5
12 100 0 -5
13 100 0 -10
14 100 0 0
15 200 50 -5
16 200 50 -10
17 200 50 0
18 200 -50 -5
19 200 -50 -10
20 200 -50 0
21 150 50 -5
22 150 50 -10
23 150 50 0
24 150 -50 -5
25 150 -50 -10
26 150 -50 0
27 150 -100 -5
28 150 -100 -10
29 150 -100 0
30 200 -100 -5
31 200 -100 -10
32 200 -100 0
33 150 0 -10
34 150 0 -15
35 150 0 -5
36 250 50 -10
37 250 50 -15
38 250 50 -5
39 250 -50 -10
40 250 -50 -15
41 250 -50 -5
42 200 50 -10
43 200 50 -15
44 200 50 -5
45 200 -50 -10
46 200 -50 -15
47 200 -50 -5
48 150 0 0
49 250 50 0
50 250 -50 0
51 200 50 0
52 200 -50 0
53 150 100 -5
54 150 100 -10
55 150 100 0
56 200 100 -5
57 200 100 -10
58 200 100 0
59 200 -150 -10
60 200 -150 -15
61 200 -150 -5
62 250 -150 -10
63 250 -150 -15
64 250 -150 -5
65 200 -150 0
66 250 -150 0
67 300 0 -5
68 300 0 -10
69 300 0 0
70 300 -100 -5
71 300 -100 -10
72 300 -100 0
73 250 0 -5
74 250 0 -10
75 250 0 0
76 250 -100 -5
77 250 -100 -10
78 250 -100 0
79 200 -100 -10
80 200 -100 -15
81 200 -100 -5
82 250 -100 -10
83 250 -100 -15
84 250 -100 -5
85 200 -100 0
86 250 -100 0
87 200 0 -15
88 200 0 -20
89 200 0 -10
90 300 50 -15
91 300 50 -20
92 300 50 -10
93 300 -50 -15
94 300 -50 -20
95 300 -50 -10
96 250 50 -15
97 250 50 -20
98 250 50 -10
99 250 -50 -15
100 250 -50 -20
101 250 -50 -10
102 200 0 -5
103 300 50 -5
104 300 -50 -5
105 250 50 -5
106 250 -50 -5
107 200 0 0
108 300 50 0
109 300 -50 0
110 250 50 0
111 250 -50 0
112 300 100 -5
113 300 100 -10
114 300 100 0
115 250 100 -5
116 250 100 -10
117 250 100 0
118 250 0 -5
119 250 0 -10
120 250 0 0
121 200 100 -10
122 200 100 -15
123 200 100 -5
124 250 100 -10
125 250 100 -15
126 250 100 -5
127 200 100 0
128 250 100 0
129 200 150 -10
130 200 150 -15
131 200 150 -5
132 250 150 -10
133 250 150 -15
134 250 150 -5
135 200 150 0
136 250 150 0
137 250 -200 -15
138 250 -200 -20
139 250 -200 -10
140 300 -200 -15
141 300 -200 -20
142 300 -200 -10
143 250 -200 -5
144 300 -200 -5
145 250 -200 0
146 300 -200 0
147 350 -50 -10
148 350 -50 -15
149 350 -50 -5
150 350 -150 -10
151 350 -150 -15
152 350 -150 -5
153 300 -50 -10
154 300 -50 -15
155 300 -50 -5
156 300 -150 -10
157 300 -150 -15
158 300 -150 -5
159 350 -50 0
160 350 -150 0
161 300 -50 0
162 300 -150 0
163 250 -150 -15
164 250 -150 -20
165 250 -150 -10
166 300 -150 -15
167 300 -150 -20
168 300 -150 -10
169 250 -150 -5
170 300 -150 -5
171 250 -150 0
172 300 -150 0
173 350 0 -10
174 350 0 -15
175 350 0 -5
176 350 -100 -10
177 350 -100 -15
178 350 -100 -5
179 300 0 -10
180 300 0 -15
181 300 0 -5
182 300 -100 -10
183 300 -100 -15
184 300 -100 -5
185 350 0 0
186 350 -100 0
187 300 0 0
188 300 -100 0
189 250 -100 -15
190 250 -100 -20
191 300 -100 -15
192 300 -100 -20
193 250 0 -20
194 250 0 -25
195 250 0 -15
196 350 50 -20
197 350 50 -25
198 350 50 -15
199 350 -50 -20
200 350 -50 -25
201 300 50 -20
202 300 50 -25
203 300 50 -15
204 300 -50 -20
205 300 -50 -25
206 300 -50 -15
207 250 0 -10
208 350 50 -10
209 300 50 -10
210 300 -50 -10
211 250 0 -5
212 350 50 -5
213 300 50 -5
214 300 -50 -5
215 250 0 0
216 350 50 0
217 300 50 0
218 300 -50 0
219 350 100 -10
220 350 100 -15
221 350 100 -5
222 300 100 -10
223 300 100 -15
224 300 100 -5
225 300 0 -10
226 300 0 -15
227 300 0 -5
228 350 100 0
229 300 100 0
230 300 0 0
231 250 100 -15
232 250 100 -20
233 300 100 -15
234 300 100 -20
235 350 150 -10
236 350 150 -15
237 350 150 -5
238 300 150 -10
239 300 150 -15
240 300 150 -5
241 300 50 -10
242 300 50 -15
243 300 50 -5
244 350 150 0
245 300 150 0
246 300 50 0
247 250 150 -15
248 250 150 -20
249 250 150 -10
250 300 150 -15
251 300 150 -20
252 300 150 -10
253 250 150 -5
254 300 150 -5
255 250 150 0
256 300 150 0
257 250 200 -15
258 250 200 -20
259 250 200 -10
260 300 200 -15
261 300 200 -20
262 300 200 -10
263 250 200 -5
264 300 200 -5
265 250 200 0
266 300 200 0
267 250 -200 -20
268 250 -200 -20
269 250 -200 -20
270 350 -250 -20
271 350 -250 -25
272 350 -250 -15
273 250 -200 -15
274 350 -250 -10
275 250 -200 -10
276 350 -250 -5
277 250 -200 -5
278 350 -250 0
279 400 -100 -15
280 400 -100 -20
281 400 -100 -10
282 400 -200 -15
283 400 -200 -20
284 400 -200 -10
285 350 -100 -15
286 350 -100 -20
287 350 -100 -10
288 350 -200 -15
289 350 -200 -20
290 350 -200 -10
291 400 -100 -5
292 400 -200 -5
293 350 -100 -5
294 350 -200 -5
295 400 -100 0
296 400 -200 0
297 350 -100 0
298 350 -200 0
299 300 -200 -20
300 300 -200 -25
301 300 -200 -15
302 350 -200 -20
303 350 -200 -25
304 350 -200 -15
305 300 -200 -10
306 350 -200 -10
307 300 -200 -5
308 350 -200 -5
309 300 -200 0
310 350 -200 0
311 400 -50 -15
312 400 -50 -20
313 400 -50 -10
314 400 -150 -15
315 400 -150 -20
316 400 -150 -10
317 350 -50 -15
318 350 -50 -20
319 350 -50 -10
320 350 -150 -15
321 350 -150 -20
322 350 -150 -10
323 400 -50 -5
324 400 -150 -5
325 350 -50 -5
326 350 -150 -5
327 400 -50 0
328 400 -150 0
329 350 -50 0
330 350 -150 0
331 300 -150 -20
332 300 -150 -25
333 350 -150 -20
334 350 -150 -25
335 400 0 -15
336 400 0 -20
337 400 0 -10
338 350 0 -15
339 350 0 -20
340 350 0 -10
341 350 -100 -15
342 350 -100 -20
343 350 -100 -10
344 400 0 -5
345 350 0 -5
346 350 -100 -5
347 400 0 0
348 350 0 0
349 350 -100 0
350 300 -100 -20
351 300 -100 -25
352 350 -100 -20
353 350 -100 -25
354 300 0 -25
355 300 0 -30
356 300 0 -20
357 400 50 -25
358 400 50 -30
359 400 50 -20
360 400 -50 -25
361 400 -50 -30
362 350 50 -25
363 350 50 -30
364 350 50 -20
365 350 -50 -25
366 350 -50 -30
367 350 -50 -20
368 300 0 -15
369 400 50 -15
370 350 50 -15
371 350 -50 -15
372 400 50 -10
373 350 50 -10
374 350 -50 -10
375 400 50 -5
376 350 50 -5
377 350 -50 -5
378 400 50 0
379 350 50 0
380 350 -50 0
381 400 100 -15
382 400 100 -20
383 400 100 -10
384 350 100 -15
385 350 100 -20
386 350 100 -10
387 350 0 -15
388 350 0 -20
389 350 0 -10
390 400 100 -5
391 350 100 -5
392 350 0 -5
393 400 100 0
394 350 100 0
395 350 0 0
396 300 100 -20
397 300 100 -25
398 350 100 -20
399 350 100 -25
400 400 150 -15
401 400 150 -20
402 400 150 -10
403 350 150 -15
404 350 150 -20
405 350 150 -10
406 350 50 -15
407 350 50 -20
408 350 50 -10
409 400 150 -5
410 350 150 -5
411 350 50 -5
412 400 150 0
413 350 150 0
414 350 50 0
415 300 150 -20
416 300 150 -25
417 350 150 -20
418 350 150 -25
419 400 200 -15
420 400 200 -20
421 400 200 -10
422 350 200 -15
423 350 200 -20
424 350 200 -10
425 350 100 -15
426 350 100 -20
427 350 100 -10
428 400 200 -5
429 350 200 -5
430 350 100 -5
431 400 200 0
432 350 200 0
433 350 100 0
434 300 200 -20
435 300 200 -25
436 300 200 -15
437 350 200 -20
438 350 200 -25
439 350 200 -15
440 300 200 -10
441 350 200 -10
442 300 200 -5
443 350 200 -5
444 300 200 0
445 350 200 0
446 250 200 -20
447 250 200 -20
448 250 200 -20
449 350 250 -20
450 350 250 -25
451 350 250 -15
452 250 200 -15
453 350 250 -10
454 250 200 -10
455 350 250 -5
456 250 200 -5
457 350 250 0
458 450 -150 -20
459 450 -150 -25
460 450 -150 -15
461 450 -250 -20
462 450 -250 -25
463 450 -250 -15
464 400 -150 -20
465 400 -150 -25
466 400 -150 -15
467 300 -200 -20
468 300 -200 -20
469 300 -200 -20
470 450 -150 -10
471 450 -250 -10
472 400 -150 -10
473 300 -200 -15
474 450 -150 -5
475 450 -250 -5
476 400 -150 -5
477 300 -200 -10
478 450 -150 0
479 450 -250 0
480 400 -150 0
481 300 -200 -5
482 300 -200 -25
483 300 -200 -25
484 300 -200 -25
485 400 -250 -25
486 400 -250 -30
487 400 -250 -20
488 300 -200 -20
489 400 -250 -15
490 300 -200 -15
491 400 -250 -10
492 300 -200 -10
493 400 -250 -5
494 300 -200 -5
495 400 -250 0
496 450 -100 -20
497 450 -100 -25
498 450 -100 -15
499 450 -200 -20
500 450 -200 -25
501 450 -200 -15
502 400 -100 -20
503 400 -100 -25
504 400 -100 -15
505 400 -200 -20
506 400 -200 -25
507 400 -200 -15
508 450 -100 -10
509 450 -200 -10
510 400 -100 -10
511 400 -200 -10
512 450 -100 -5
513 450 -200 -5
514 400 -100 -5
515 400 -200 -5
516 450 -100 0
517 450 -200 0
518 400 -100 0
519 400 -200 0
520 350 -200 -25
521 350 -200 -30
522 400 -200 -25
523 400 -200 -30
524 450 -50 -20
525 450 -50 -25
526 450 -50 -15
527 400 -50 -20
528 400 -50 -25
529 400 -50 -15
530 400 -150 -20
531 400 -150 -25
532 400 -150 -15
533 450 -50 -10
534 400 -50 -10
535 400 -150 -10
536 450 -50 -5
537 400 -50 -5
538 400 -150 -5
539 450 -50 0
540 400 -50 0
541 400 -150 0
542 350 -150 -25
543 350 -150 -30
544 400 -150 -25
545 400 -150 -30
546 450 0 -20
547 450 0 -25
548 450 0 -15
549 400 0 -20
550 400 0 -25
551 400 0 -15
552 400 -100 -20
553 400 -100 -25
554 400 -100 -15
555 450 0 -10
556 400 0 -10
557 400 -100 -10
558 450 0 -5
559 400 0 -5
560 400 -100 -5
561 450 0 0
562 400 0 0
563 400 -100 0
564 350 -100 -25
565 350 -100 -30
566 400 -100 -25
567 400 -100 -30
568 350 0 -30
569 350 0 -35
570 350 0 -25
571 450 50 -30
572 450 50 -35
573 450 50 -25
574 450 -50 -30
575 450 -50 -35
576 400 50 -30
577 400 50 -35
578 400 50 -25
579 400 -50 -30
580 400 -50 -35
581 400 -50 -25
582 350 0 -20
583 450 50 -20
584 400 50 -20
585 400 -50 -20
586 450 50 -15
587 400 50 -15
588 400 -50 -15
589 450 50 -10
590 400 50 -10
591 400 -50 -10
592 450 50 -5
593 400 50 -5
594 400 -50 -5
595 450 50 0
596 400 50 0
597 400 -50 0
598 450 100 -20
599 450 100 -25
600 450 100 -15
601 400 100 -20
602 400 100 -25
603 400 100 -15
604 400 0 -20
605 400 0 -25
606 400 0 -15
607 450 100 -10
608 400 100 -10
609 400 0 -10
610 450 100 -5
611 400 100 -5
612 400 0 -5
613 450 100 0
614 400 100 0
615 400 0 0
616 350 100 -25
617 350 100 -30
618 400 100 -25
619 400 100 -30
620 450 150 -20
621 450 150 -25
622 450 150 -15
623 400 150 -20
624 400 150 -25
625 400 150 -15
626 400 50 -20
627 400 50 -25
628 400 50 -15
629 450 150 -10
630 400 150 -10
631 400 50 -10
632 450 150 -5
633 400 150 -5
634 400 50 -5
635 450 150 0
636 400 150 0
637 400 50 0
638 350 150 -25
639 350 150 -30
640 400 150 -25
641 400 150 -30
642 450 200 -20
643 450 200 -25
644 450 200 -15
645 400 200 -20
646 400 200 -25
647 400 200 -15
648 400 100 -20
649 400 100 -25
650 400 100 -15
651 450 200 -10
652 400 200 -10
653 400 100 -10
654 450 200 -5
655 400 200 -5
656 400 100 -5
657 450 200 0
658 400 200 0
659 400 100 0
660 350 200 -25
661 350 200 -30
662 400 200 -25
663 400 200 -30
664 450 250 -20
665 450 250 -25
666 450 250 -15
667 300 200 -20
668 300 200 -20
669 300 200 -20
670 400 150 -20
671 400 150 -25
672 400 150 -15
673 450 250 -10
674 300 200 -15
675 400 150 -10
676 450 250 -5
677 300 200 -10
678 400 150 -5
679 450 250 0
680 300 200 -5
681 400 150 0
682 300 200 -25
683 300 200 -25
684 300 200 -25
685 400 250 -25
686 400 250 -30
687 400 250 -20
688 300 200 -20
689 400 250 -15
690 300 200 -15
691 400 250 -10
692 300 200 -10
693 400 250 -5
694 300 200 -5
695 400 250 0
696 500 -200 -25
697 500 -200 -30
698 500 -200 -20
699 450 -200 -25
700 450 -200 -30
701 450 -200 -20
702 500 -200 -15
703 450 -200 -15
704 500 -200 -10
705 450 -200 -10
706 500 -200 -5
707 450 -200 -5
708 500 -200 0
709 450 -200 0
710 500 -150 -25
711 500 -150 -30
712 500 -150 -20
713 500 -250 -25
714 500 -250 -30
715 500 -250 -20
716 450 -150 -25
717 450 -150 -30
718 450 -150 -20
719 350 -200 -25
720 350 -200 -25
721 350 -200 -25
722 500 -150 -15
723 500 -250 -15
724 450 -150 -15
725 350 -200 -20
726 500 -150 -10
727 500 -250 -10
728 450 -150 -10
729 350 -200 -15
730 500 -150 -5
731 500 -250 -5
732 450 -150 -5
733 350 -200 -10
734 500 -150 0
735 500 -250 0
736 450 -150 0
737 350 -200 -5
738 350 -200 -30
739 350 -200 -30
740 450 -250 -30
741 450 -250 -35
742 500 -100 -25
743 500 -100 -30
744 500 -100 -20
745 450 -100 -25
746 450 -100 -30
747 450 -100 -20
748 450 -200 -25
749 450 -200 -30
750 450 -200 -20
751 500 -100 -15
752 450 -100 -15
753 450 -200 -15
754 500 -100 -10
755 450 -100 -10
756 450 -200 -10
757 500 -100 -5
758 450 -100 -5
759 450 -200 -5
760 500 -100 0
761 450 -100 0
762 450 -200 0
763 400 -200 -30
764 400 -200 -35
765 450 -200 -30
766 450 -200 -35
767 500 -50 -25
768 500 -50 -30
769 500 -50 -20
770 450 -50 -25
771 450 -50 -30
772 450 -50 -20
773 450 -150 -25
774 450 -150 -30
775 450 -150 -20
776 500 -50 -15
777 450 -50 -15
778 450 -150 -15
779 500 -50 -10
780 450 -50 -10
781 450 -150 -10
782 500 -50 -5
783 450 -50 -5
784 450 -150 -5
785 500 -50 0
786 450 -50 0
787 450 -150 0
788 400 -150 -30
789 400 -150 -35
790 450 -150 -30
791 450 -150 -35
792 500 0 -25
793 500 0 -30
794 500 0 -20
795 450 0 -25
796 450 0 -30
797 450 0 -20
798 450 -100 -25
799 450 -100 -30
800 450 -100 -20
801 500 0 -15
802 450 0 -15
803 450 -100 -15
804 500 0 -10
805 450 0 -10
806 450 -100 -10
807 500 0 -5
808 450 0 -5
809 450 -100 -5
810 500 0 0
811 450 0 0
812 450 -100 0
813 400 -100 -30
814 400 -100 -35
815 450 -100 -30
816 450 -100 -35
817 400 0 -35
818 400 0 -30
819 500 50 -35
820 500 50 -30
821 500 -50 -35
822 450 50 -35
823 450 50 -30
824 450 -50 -35
825 450 -50 -30
826 400 0 -25
827 500 50 -25
828 450 50 -25
829 450 -50 -25
830 500 50 -20
831 450 50 -20
832 450 -50 -20
833 500 50 -15
834 450 50 -15
835 450 -50 -15
836 500 50 -10
837 450 50 -10
838 450 -50 -10
839 500 50 -5
840 450 50 -5
841 450 -50 -5
842 500 50 0
843 450 50 0
844 450 -50 0
845 500 100 -25
846 500 100 -30
847 500 100 -20
848 450 100 -25
849 450 100 -30
850 450 100 -20
851 450 0 -25
852 450 0 -30
853 450 0 -20
854 500 100 -15
855 450 100 -15
856 450 0 -15
857 500 100 -10
858 450 100 -10
859 450 0 -10
860 500 100 -5
861 450 100 -5
862 450 0 -5
863 500 100 0
864 450 100 0
865 450 0 0
866 400 100 -30
867 400 100 -35
868 450 100 -30
869 450 100 -35
870 500 150 -25
871 500 150 -30
872 500 150 -20
873 450 150 -25
874 450 150 -30
875 450 150 -20
876 450 50 -25
877 450 50 -30
878 450 50 -20
879 500 150 -15
880 450 150 -15
881 450 50 -15
882 500 150 -10
883 450 150 -10
884 450 50 -10
885 500 150 -5
886 450 150 -5
887 450 50 -5
888 500 150 0
889 450 150 0
890 450 50 0
891 400 150 -30
892 400 150 -35
893 450 150 -30
894 450 150 -35
895 500 200 -25
896 500 200 -30
897 500 200 -20
898 450 200 -25
899 450 200 -30
900 450 200 -20
901 450 100 -25
902 450 100 -30
903 450 100 -20
904 500 200 -15
905 450 200 -15
906 450 100 -15
907 500 200 -10
908 450 200 -10
909 450 100 -10
910 500 200 -5
911 450 200 -5
912 450 100 -5
913 500 200 0
914 450 200 0
915 450 100 0
916 400 200 -30
917 400 200 -35
918 450 200 -30
919 450 200 -35
920 500 250 -25
921 500 250 -30
922 500 250 -20
923 350 200 -25
924 350 200 -25
925 350 200 -25
926 450 150 -25
927 450 150 -30
928 450 150 -20
929 500 250 -15
930 350 200 -20
931 450 150 -15
932 500 250 -10
933 350 200 -15
934 450 150 -10
935 500 250 -5
936 350 200 -10
937 450 150 -5
938 500 250 0
939 350 200 -5
940 450 150 0
941 350 200 -30
942 350 200 -30
943 450 250 -30
944 450 250 -35
945 450 200 -25
946 450 200 -30
947 450 200 -20
948 450 200 -15
949 450 200 -10
950 450 200 -5
951 450 200 0
952 550 -200 -30
953 550 -200 -35
954 550 -200 -25
955 500 -200 -30
956 500 -200 -35
957 500 -200 -25
958 550 -200 -20
959 500 -200 -20
960 550 -200 -15
961 500 -200 -15
962 550 -200 -10
963 500 -200 -10
964 550 -200 -5
965 500 -200 -5
966 550 -200 0
967 500 -200 0
968 550 -150 -30
969 550 -150 -35
970 550 -150 -25
971 550 -250 -30
972 550 -250 -35
973 550 -250 -25
974 500 -150 -30
975 500 -150 -35
976 500 -150 -25
977 400 -200 -30
978 400 -200 -30
979 400 -200 -30
980 550 -150 -20
981 550 -250 -20
982 500 -150 -20
983 400 -200 -25
984 550 -150 -15
985 550 -250 -15
986 500 -150 -15
987 400 -200 -20
988 550 -150 -10
989 550 -250 -10
990 500 -150 -10
991 400 -200 -15
992 550 -150 -5
993 550 -250 -5
994 500 -150 -5
995 400 -200 -10
996 550 -150 0
997 550 -250 0
998 500 -150 0
999 400 -200 -5
1000 400 -200 -35
1001 500 -250 -35
1002 550 -100 -30
1003 550 -100 -35
1004 550 -100 -25
1005 500 -100 -30
1006 500 -100 -35
1007 500 -100 -25
1008 500 -200 -30
1009 500 -200 -35
1010 500 -200 -25
1011 550 -100 -20
1012 500 -100 -20
1013 500 -200 -20
1014 550 -100 -15
1015 500 -100 -15
1016 500 -200 -15
1017 550 -100 -10
1018 500 -100 -10
1019 500 -200 -10
1020 550 -100 -5
1021 500 -100 -5
1022 500 -200 -5
1023 550 -100 0
1024 500 -100 0
1025 500 -200 0
1026 450 -200 -35
1027 500 -200 -35
1028 550 -50 -30
1029 550 -50 -35
1030 550 -50 -25
1031 500 -50 -30
1032 500 -50 -35
1033 500 -50 -25
1034 500 -150 -30
1035 500 -150 -35
1036 500 -150 -25
1037 550 -50 -20
1038 500 -50 -20
1039 500 -150 -20
1040 550 -50 -15
1041 500 -50 -15
1042 500 -150 -15
1043 550 -50 -10
1044 500 -50 -10
1045 500 -150 -10
1046 550 -50 -5
1047 500 -50 -5
1048 500 -150 -5
1049 550 -50 0
1050 500 -50 0
1051 500 -150 0
1052 450 -150 -35
1053 500 -150 -35
1054 550 0 -30
1055 550 0 -35
1056 550 0 -25
1057 500 0 -30
1058 500 0 -35
1059 500 0 -25
1060 500 -100 -30
1061 500 -100 -35
1062 500 -100 -25
1063 550 0 -20
1064 500 0 -20
1065 500 -100 -20
1066 550 0 -15
1067 500 0 -15
1068 500 -100 -15
1069 550 0 -10
1070 500 0 -10
1071 500 -100 -10
1072 550 0 -5
1073 500 0 -5
1074 500 -100 -5
1075 550 0 0
1076 500 0 0
1077 500 -100 0
1078 450 -100 -35
1079 500 -100 -35
1080 450 0 -35
1081 450 0 -30
1082 550 50 -35
1083 550 50 -30
1084 500 50 -35
1085 500 50 -30
1086 500 -50 -35
1087 500 -50 -30
1088 550 50 -25
1089 500 50 -25
1090 500 -50 -25
1091 550 50 -20
1092 500 50 -20
1093 500 -50 -20
1094 550 50 -15
1095 500 50 -15
1096 500 -50 -15
1097 550 50 -10
1098 500 50 -10
1099 500 -50 -10
1100 550 50 -5
1101 500 50 -5
1102 500 -50 -5
1103 550 50 0
1104 500 50 0
1105 500 -50 0
1106 550 100 -30
1107 550 100 -35
1108 550 100 -25
1109 500 100 -30
1110 500 100 -35
1111 500 100 -25
1112 500 0 -30
1113 500 0 -35
1114 500 0 -25
1115 550 100 -20
1116 500 100 -20
1117 500 0 -20
1118 550 100 -15
1119 500 100 -15
1120 500 0 -15
1121 550 100 -10
1122 500 100 -10
1123 500 0 -10
1124 550 100 -5
1125 500 100 -5
1126 500 0 -5
1127 550 100 0
1128 500 100 0
1129 500 0 0
1130 450 100 -35
1131 500 100 -35
1132 550 150 -30
1133 550 150 -35
1134 550 150 -25
1135 500 150 -30
1136 500 150 -35
1137 500 150 -25
1138 500 50 -30
1139 500 50 -35
1140 500 50 -25
1141 550 150 -20
1142 500 150 -20
1143 500 50 -20
1144 550 150 -15
1145 500 150 -15
1146 500 50 -15
1147 550 150 -10
1148 500 150 -10
1149 500 50 -10
1150 550 150 -5
1151 500 150 -5
1152 500 50 -5
1153 550 150 0
1154 500 150 0
1155 500 50 0
1156 450 150 -35
1157 500 150 -35
1158 550 200 -30
1159 550 200 -35
1160 550 200 -25
1161 500 200 -30
1162 500 200 -35
1163 500 200 -25
1164 500 100 -30
1165 500 100 -35
1166 500 100 -25
1167 550 200 -20
1168 500 200 -20
1169 500 100 -20
1170 550 200 -15
1171 500 200 -15
1172 500 100 -15
1173 550 200 -10
1174 500 200 -10
1175 500 100 -10
1176 550 200 -5
1177 500 200 -5
1178 500 100 -5
1179 550 200 0
1180 500 200 0
1181 500 100 0
1182 450 200 -35
1183 500 200 -35
1184 550 250 -30
1185 550 250 -35
1186 550 250 -25
1187 400 200 -30
1188 400 200 -30
1189 400 200 -30
1190 500 150 -30
1191 500 150 -35
1192 500 150 -25
1193 550 250 -20
1194 400 200 -25
1195 500 150 -20
1196 550 250 -15
1197 400 200 -20
1198 500 150 -15
1199 550 250 -10
1200 400 200 -15
1201 500 150 -10
1202 550 250 -5
1203 400 200 -10
1204 500 150 -5
1205 550 250 0
1206 400 200 -5
1207 500 150 0
1208 400 200 -35
1209 500 250 -35
1210 500 200 -30
1211 500 200 -35
1212 500 200 -25
1213 500 200 -20
1214 500 200 -15
1215 500 200 -10
1216 500 200 -5
1217 500 200 0
1218 600 -200 -35
1219 600 -200 -30
1220 550 -200 -35
1221 550 -200 -30
1222 600 -200 -25
1223 550 -200 -25
1224 600 -200 -20
1225 550 -200 -20
1226 600 -200 -15
1227 550 -200 -15
1228 600 -200 -10
1229 550 -200 -10
1230 600 -200 -5
1231 550 -200 -5
1232 600 -200 0
1233 550 -200 0
1234 600 -150 -35
1235 600 -150 -30
1236 600 -250 -35
1237 600 -250 -30
1238 550 -150 -35
1239 550 -150 -30
1240 450 -200 -35
1241 450 -200 -35
1242 600 -150 -25
1243 600 -250 -25
1244 550 -150 -25
1245 450 -200 -30
1246 600 -150 -20
1247 600 -250 -20
1248 550 -150 -20
1249 450 -200 -25
1250 600 -150 -15
1251 600 -250 -15
1252 550 -150 -15
1253 450 -200 -20
1254 600 -150 -10
1255 600 -250 -10
1256 550 -150 -10
1257 450 -200 -15
1258 600 -150 -5
1259 600 -250 -5
1260 550 -150 -5
1261 450 -200 -10
1262 600 -150 0
1263 600 -250 0
1264 550 -150 0
1265 450 -200 -5
1266 600 -100 -35
1267 600 -100 -30
1268 550 -100 -35
1269 550 -100 -30
1270 550 -200 -35
1271 550 -200 -30
1272 600 -100 -25
1273 550 -100 -25
1274 550 -200 -25
1275 600 -100 -20
1276 550 -100 -20
1277 550 -200 -20
1278 600 -100 -15
1279 550 -100 -15
1280 550 -200 -15
1281 600 -100 -10
1282 550 -100 -10
1283 550 -200 -10
1284 600 -100 -5
1285 550 -100 -5
1286 550 -200 -5
1287 600 -100 0
1288 550 -100 0
1289 550 -200 0
1290 600 -50 -35
1291 600 -50 -30
1292 550 -50 -35
1293 550 -50 -30
1294 550 -150 -35
1295 550 -150 -30
1296 600 -50 -25
1297 550 -50 -25
1298 550 -150 -25
1299 600 -50 -20
1300 550 -50 -20
1301 550 -150 -20
1302 600 -50 -15
1303 550 -50 -15
1304 550 -150 -15
1305 600 -50 -10
1306 550 -50 -10
1307 550 -150 -10
1308 600 -50 -5
1309 550 -50 -5
1310 550 -150 -5
1311 600 -50 0
1312 550 -50 0
1313 550 -150 0
1314 600 0 -35
1315 600 0 -30
1316 550 0 -35
1317 550 0 -30
1318 550 -100 -35
1319 550 -100 -30
1320 600 0 -25
1321 550 0 -25
1322 550 -100 -25
1323 600 0 -20
1324 550 0 -20
1325 550 -100 -20
1326 600 0 -15
1327 550 0 -15
1328 550 -100 -15
1329 600 0 -10
1330 550 0 -10
1331 550 -100 -10
1332 600 0 -5
1333 550 0 -5
1334 550 -100 -5
1335 600 0 0
1336 550 0 0
1337 550 -100 0
1338 500 0 -35
1339 600 50 -35
1340 600 50 -30
1341 550 50 -35
1342 550 50 -30
1343 550 -50 -35
1344 550 -50 -30
1345 600 50 -25
1346 550 50 -25
1347 550 -50 -25
1348 600 50 -20
1349 550 50 -20
1350 550 -50 -20
1351 600 50 -15
1352 550 50 -15
1353 550 -50 -15
1354 600 50 -10
1355 550 50 -10
1356 550 -50 -10
1357 600 50 -5
1358 550 50 -5
1359 550 -50 -5
1360 600 50 0
1361 550 50 0
1362 550 -50 0
1363 600 100 -35
1364 600 100 -30
1365 550 100 -35
1366 550 100 -30
1367 550 0 -35
1368 550 0 -30
1369 600 100 -25
1370 550 100 -25
1371 550 0 -25
1372 600 100 -20
1373 550 100 -20
1374 550 0 -20
1375 600 100 -15
1376 550 100 -15
1377 550 0 -15
1378 600 100 -10
1379 550 100 -10
1380 550 0 -10
1381 600 100 -5
1382 550 100 -5
1383 550 0 -5
1384 600 100 0
1385 550 100 0
1386 550 0 0
1387 600 150 -35
1388 600 150 -30
1389 550 150 -35
1390 550 150 -30
1391 550 50 -35
1392 550 50 -30
1393 600 150 -25
1394 550 150 -25
1395 550 50 -25
1396 600 150 -20
1397 550 150 -20
1398 550 50 -20
1399 600 150 -15
1400 550 150 -15
1401 550 50 -15
1402 600 150 -10
1403 550 150 -10
1404 550 50 -10
1405 600 150 -5
1406 550 150 -5
1407 550 50 -5
1408 600 150 0
1409 550 150 0
1410 550 50 0
1411 600 200 -35
1412 600 200 -30
1413 550 200 -35
1414 550 200 -30
1415 550 100 -35
1416 550 100 -30
1417 600 200 -25
1418 550 200 -25
1419 550 100 -25
1420 600 200 -20
1421 550 200 -20
1422 550 100 -20
1423 600 200 -15
1424 550 200 -15
1425 550 100 -15
1426 600 200 -10
1427 550 200 -10
1428 550 100 -10
1429 600 200 -5
1430 550 200 -5
1431 550 100 -5
1432 600 200 0
1433 550 200 0
1434 550 100 0
1435 600 250 -35
1436 600 250 -30
1437 450 200 -35
1438 450 200 -35
1439 550 150 -35
1440 550 150 -30
1441 600 250 -25
1442 450 200 -30
1443 550 150 -25
1444 600 250 -20
1445 450 200 -25
1446 550 150 -20
1447 600 250 -15
1448 450 200 -20
1449 550 150 -15
1450 600 250 -10
1451 450 200 -15
1452 550 150 -10
1453 600 250 -5
1454 450 200 -10
1455 550 150 -5
1456 600 250 0
1457 450 200 -5
1458 550 150 0
1459 550 200 -35
1460 550 200 -30
1461 550 200 -25
1462 550 200 -20
1463 550 200 -15
1464 550 200 -10
1465 550 200 -5
1466 550 200 0
1467 650 -200 -35
1468 650 -200 -30
1469 600 -200 -35
1470 600 -200 -30
1471 650 -200 -25
1472 600 -200 -25
1473 650 -200 -20
1474 600 -200 -20
1475 650 -200 -15
1476 600 -200 -15
1477 650 -200 -10
1478 600 -200 -10
1479 650 -200 -5
1480 600 -200 -5
1481 650 -200 0
1482 600 -200 0
1483 650 -150 -35
1484 650 -150 -30
1485 650 -250 -35
1486 650 -250 -30
1487 600 -150 -35
1488 600 -150 -30
1489 500 -200 -35
1490 500 -200 -35
1491 650 -150 -25
1492 650 -250 -25
1493 600 -150 -25
1494 500 -200 -30
1495 650 -150 -20
1496 650 -250 -20
1497 600 -150 -20
1498 500 -200 -25
1499 650 -150 -15
1500 650 -250 -15
1501 600 -150 -15
1502 500 -200 -20
1503 650 -150 -10
1504 650 -250 -10
1505 600 -150 -10
1506 500 -200 -15
1507 650 -150 -5
1508 650 -250 -5
1509 600 -150 -5
1510 500 -200 -10
1511 650 -150 0
1512 650 -250 0
1513 600 -150 0
1514 500 -200 -5
1515 650 -100 -35
1516 650 -100 -30
1517 600 -100 -35
1518 600 -100 -30
1519 600 -200 -35
1520 600 -200 -30
1521 650 -100 -25
1522 600 -100 -25
1523 600 -200 -25
1524 650 -100 -20
1525 600 -100 -20
1526 600 -200 -20
1527 650 -100 -15
1528 600 -100 -15
1529 600 -200 -15
1530 650 -100 -10
1531 600 -100 -10
1532 600 -200 -10
1533 650 -100 -5
1534 600 -100 -5
1535 600 -200 -5
1536 650 -100 0
1537 600 -100 0
1538 600 -200 0
1539 650 -50 -35
1540 650 -50 -30
1541 600 -50 -35
1542 600 -50 -30
1543 600 -150 -35
1544 600 -150 -30
1545 650 -50 -25
1546 600 -50 -25
1547 600 -150 -25
1548 650 -50 -20
1549 600 -50 -20
1550 600 -150 -20
1551 650 -50 -15
1552 600 -50 -15
1553 600 -150 -15
1554 650 -50 -10
1555 600 -50 -10
1556 600 -150 -10
1557 650 -50 -5
1558 600 -50 -5
1559 600 -150 -5
1560 650 -50 0
1561 600 -50 0
1562 600 -150 0
1563 650 0 -35
1564 650 0 -30
1565 600 0 -35
1566 600 0 -30
1567 600 -100 -35
1568 600 -100 -30
1569 650 0 -25
1570 600 0 -25
1571 600 -100 -25
1572 650 0 -20
1573 600 0 -20
1574 600 -100 -20
1575 650 0 -15
1576 600 0 -15
1577 600 -100 -15
1578 650 0 -10
1579 600 0 -10
1580 600 -100 -10
1581 650 0 -5
1582 600 0 -5
1583 600 -100 -5
1584 650 0 0
1585 600 0 0
1586 600 -100 0
1587 650 50 -35
1588 650 50 -30
1589 600 50 -35
1590 600 50 -30
1591 600 -50 -35
1592 600 -50 -30
1593 650 50 -25
1594 600 50 -25
1595 600 -50 -25
1596 650 50 -20
1597 600 50 -20
1598 600 -50 -20
1599 650 50 -15
1600 600 50 -15
1601 600 -50 -15
1602 650 50 -10
1603 600 50 -10
1604 600 -50 -10
1605 650 50 -5
1606 600 50 -5
1607 600 -50 -5
1608 650 50 0
1609 600 50 0
1610 600 -50 0
1611 650 100 -35
1612 650 100 -30
1613 600 100 -35
1614 600 100 -30
1615 600 0 -35
1616 600 0 -30
1617 650 100 -25
1618 600 100 -25
1619 600 0 -25
1620 650 100 -20
1621 600 100 -20
1622 600 0 -20
1623 650 100 -15
1624 600 100 -15
1625 600 0 -15
1626 650 100 -10
1627 600 100 -10
1628 600 0 -10
1629 650 100 -5
1630 600 100 -5
1631 600 0 -5
1632 650 100 0
1633 600 100 0
1634 600 0 0
1635 650 150 -35
1636 650 150 -30
1637 600 150 -35
1638 600 150 -30
1639 600 50 -35
1640 600 50 -30
1641 650 150 -25
1642 600 150 -25
1643 600 50 -25
1644 650 150 -20
1645 600 150 -20
1646 600 50 -20
1647 650 150 -15
1648 600 150 -15
1649 600 50 -15
1650 650 150 -10
1651 600 150 -10
1652 600 50 -10
1653 650 150 -5
1654 600 150 -5
1655 600 50 -5
1656 650 150 0
1657 600 150 0
1658 600 50 0
1659 650 200 -35
1660 650 200 -30
1661 600 200 -35
1662 600 200 -30
1663 600 100 -35
1664 600 100 -30
1665 650 200 -25
1666 600 200 -25
1667 600 100 -25
1668 650 200 -20
1669 600 200 -20
1670 600 100 -20
1671 650 200 -15
1672 600 200 -15
1673 600 100 -15
1674 650 200 -10
1675 600 200 -10
1676 600 100 -10
1677 650 200 -5
1678 600 200 -5
1679 600 100 -5
1680 650 200 0
1681 600 200 0
1682 600 100 0
1683 650 250 -35
1684 650 250 -30
1685 500 200 -35
1686 500 200 -35
1687 600 150 -35
1688 600 150 -30
1689 650 250 -25
1690 500 200 -30
1691 600 150 -25
1692 650 250 -20
1693 500 200 -25
1694 600 150 -20
1695 650 250 -15
1696 500 200 -20
1697 600 150 -15
1698 650 250 -10
1699 500 200 -15
1700 600 150 -10
1701 650 250 -5
1702 500 200 -10
1703 600 150 -5
1704 650 250 0
1705 500 200 -5
1706 600 150 0
1707 600 200 -35
1708 600 200 -30
1709 600 200 -25
1710 600 200 -20
1711 600 200 -15
1712 600 200 -10
1713 600 200 -5
1714 600 200 0
1715 550 -250 -35
1716 550 -250 -35
1717 550 -250 -35
1718 550 -250 -35
1719 550 -250 -30
1720 550 -250 -30
1721 550 -250 -25
1722 550 -250 -25
1723 550 -250 -20
1724 550 -250 -20
1725 550 -250 -15
1726 550 -250 -15
1727 550 -250 -10
1728 550 -250 -10
1729 550 -250 -5
1730 550 -250 -5
1731 550 -200 -35
1732 550 -200 -35
1733 550 -200 -35
1734 550 -200 -35
1735 550 -200 -35
1736 550 -200 -35
1737 550 -200 -35
1738 550 -200 -35
1739 550 -200 -30
1740 550 -200 -30
1741 550 -200 -30
1742 550 -200 -30
1743 550 -200 -25
1744 550 -200 -25
1745 550 -200 -25
1746 550 -200 -25
1747 550 -200 -20
1748 550 -200 -20
1749 550 -200 -20
1750 550 -200 -20
1751 550 -200 -15
1752 550 -200 -15
1753 550 -200 -15
1754 550 -200 -15
1755 550 -200 -10
1756 550 -200 -10
1757 550 -200 -10
1758 550 -200 -10
1759 550 -200 -5
1760 550 -200 -5
1761 550 -200 -5
1762 550 -200 -5
1763 550 -150 -35
1764 550 -150 -35
1765 550 -150 -35
1766 550 -150 -35
1767 550 -150 -35
1768 550 -150 -35
1769 550 -150 -30
1770 550 -150 -30
1771 550 -150 -30
1772 550 -150 -25
1773 550 -150 -25
1774 550 -150 -25
1775 550 -150 -20
1776 550 -150 -20
1777 550 -150 -20
1778 550 -150 -15
1779 550 -150 -15
1780 550 -150 -15
1781 550 -150 -10
1782 550 -150 -10
1783 550 -150 -10
1784 550 -150 -5
1785 550 -150 -5
1786 550 -150 -5
1787 550 -100 -35
1788 550 -100 -35
1789 550 -100 -35
1790 550 -100 -35
1791 550 -100 -35
1792 550 -100 -35
1793 550 -100 -30
1794 550 -100 -30
1795 550 -100 -30
1796 550 -100 -25
1797 550 -100 -25
1798 550 -100 -25
1799 550 -100 -20
1800 550 -100 -20
1801 550 -100 -20
1802 550 -100 -15
1803 550 -100 -15
1804 550 -100 -15
1805 550 -100 -10
1806 550 -100 -10
1807 550 -100 -10
1808 550 -100 -5
1809 550 -100 -5
1810 550 -100 -5
1811 550 -50 -35
1812 550 -50 -35
1813 550 -50 -35
1814 550 -50 -35
1815 550 -50 -35
1816 550 -50 -35
1817 550 -50 -30
1818 550 -50 -30
1819 550 -50 -30
1820 550 -50 -25
1821 550 -50 -25
1822 550 -50 -25
1823 550 -50 -20
1824 550 -50 -20
1825 550 -50 -20
1826 550 -50 -15
1827 550 -50 -15
1828 550 -50 -15
1829 550 -50 -10
1830 550 -50 -10
1831 550 -50 -10
1832 550 -50 -5
1833 550 -50 -5
1834 550 -50 -5
1835 550 0 -35
1836 550 0 -35
1837 550 0 -35
1838 550 0 -35
1839 550 0 -35
1840 550 0 -35
1841 550 0 -30
1842 550 0 -30
1843 550 0 -30
1844 550 0 -25
1845 550 0 -25
1846 550 0 -25
1847 550 0 -20
1848 550 0 -20
1849 550 0 -20
1850 550 0 -15
1851 550 0 -15
1852 550 0 -15
1853 550 0 -10
1854 550 0 -10
1855 550 0 -10
1856 550 0 -5
1857 550 0 -5
1858 550 0 -5
1859 550 50 -35
1860 550 50 -35
1861 550 50 -35
1862 550 50 -35
1863 550 50 -35
1864 550 50 -35
1865 550 50 -30
1866 550 50 -30
1867 550 50 -30
1868 550 50 -25
1869 550 50 -25
1870 550 50 -25
1871 550 50 -20
1872 550 50 -20
1873 550 50 -20
1874 550 50 -15
1875 550 50 -15
1876 550 50 -15
1877 550 50 -10
1878 550 50 -10
1879 550 50 -10
1880 550 50 -5
1881 550 50 -5
1882 550 50 -5
1883 550 100 -35
1884 550 100 -35
1885 550 100 -35
1886 550 100 -35
1887 550 100 -35
1888 550 100 -35
1889 550 100 -30
1890 550 100 -30
1891 550 100 -30
1892 550 100 -25
1893 550 100 -25
1894 550 100 -25
1895 550 100 -20
1896 550 100 -20
1897 550 100 -20
1898 550 100 -15
1899 550 100 -15
1900 550 100 -15
1901 550 100 -10
1902 550 100 -10
1903 550 100 -10
1904 550 100 -5
1905 550 100 -5
1906 550 100 -5
1907 550 150 -35
1908 550 150 -35
1909 550 150 -35
1910 550 150 -35
1911 550 150 -35
1912 550 150 -35
1913 550 150 -30
1914 550 150 -30
1915 550 150 -30
1916 550 150 -25
1917 550 150 -25
1918 550 150 -25
1919 550 150 -20
1920 550 150 -20
1921 550 150 -20
1922 550 150 -15
1923 550 150 -15
1924 550 150 -15
1925 550 150 -10
1926 550 150 -10
1927 550 150 -10
1928 550 150 -5
1929 550 150 -5
1930 550 150 -5
1931 550 200 -35
1932 550 200 -35
1933 550 200 -35
1934 550 200 -35
1935 550 200 -35
1936 550 200 -35
1937 550 200 -30
1938 550 200 -30
1939 550 200 -30
1940 550 200 -25
1941 550 200 -25
1942 550 200 -25
1943 550 200 -20
1944 550 200 -20
1945 550 200 -20
1946 550 200 -15
1947 550 200 -15
1948 550 200 -15
1949 550 200 -10
1950 550 200 -10
1951 550 200 -10
1952 550 200 -5
1953 550 200 -5
1954 550 200 -5
1955 550 250 -35
1956 550 250 -35
1957 550 250 -30
1958 550 250 -25
1959 550 250 -20
1960 550 250 -15
1961 550 250 -10
1962 550 250 -5
