51 184 161 84 153 79 71 195 159 26 
51 184 121 129 8 126 140 200 152 26 
51 115 161 95 126 140 71 195 159 26 
51 184 197 129 8 168 67 128 159 26 
51 115 197 129 178 64 141 42 26 
51 184 5 27 151 111 138 102 42 26 
51 20 115 161 95 126 140 200 132 26 
51 184 121 129 178 46 67 83 135 26 
51 15 72 84 66 199 164 103 139 26 
51 15 13 5 182 147 64 90 83 135 26 
51 115 161 95 94 116 200 103 86 26 
51 184 161 95 133 173 44 25 200 152 26 
51 184 161 95 158 116 195 92 26 
51 184 161 84 11 55 149 42 135 160 26 
51 20 13 72 161 95 158 140 200 132 26 
51 115 197 129 8 126 116 195 135 26 
51 184 121 166 61 111 138 149 42 26 
51 115 161 95 59 176 25 200 132 26 
51 184 197 27 49 64 102 42 26 
51 115 161 95 94 116 195 152 26 
51 115 5 27 49 46 149 177 30 26 
51 184 5 27 49 64 90 83 135 26 
51 20 115 5 7 178 46 149 42 26 
51 115 5 7 178 46 149 42 26 
51 115 197 129 178 46 90 83 139 26 
51 15 13 23 162 59 137 190 128 135 26 
51 184 197 129 8 87 174 149 42 26 
51 115 161 95 94 116 190 103 86 26 
51 184 197 27 49 55 174 102 42 26 
51 15 13 53 129 178 64 149 42 26 
51 184 5 91 147 64 102 42 26 
51 115 161 84 153 106 164 103 86 26 
51 184 197 129 8 168 67 103 139 26 
51 15 154 171 66 199 90 83 139 26 
51 15 124 23 162 66 193 71 38 135 160 26 
51 184 121 27 178 46 67 103 30 26 
51 115 161 84 153 79 69 195 132 26 
51 115 197 129 147 64 102 42 26 
51 184 161 95 158 116 190 103 86 26 
51 20 13 53 91 147 64 102 177 81 26 
51 115 161 95 32 64 141 177 139 26 
51 145 13 5 27 178 46 67 83 135 26 
51 15 107 6 179 178 64 102 42 26 
51 115 107 91 147 64 149 42 26 
51 145 124 23 162 114 105 69 195 159 26 
51 184 161 95 153 79 97 195 159 26 
51 115 72 84 153 79 22 200 132 26 
51 184 197 27 49 55 199 116 195 152 26 
51 15 154 171 95 94 116 128 159 26 
51 15 72 84 153 158 116 128 135 26 
51 15 124 23 162 66 199 164 103 135 160 26 
51 115 161 95 87 46 149 42 26 
51 115 197 129 8 126 116 190 103 86 26 
51 115 161 95 94 116 195 135 26 
51 115 161 95 87 55 149 42 26 
51 115 161 95 59 137 74 195 33 26 
51 150 123 161 95 87 174 102 42 26 
51 184 161 95 32 64 141 42 26 
51 184 5 182 147 4 64 102 42 26 
51 184 5 129 8 126 116 128 135 26 
51 15 154 5 129 147 64 141 42 26 
51 184 161 95 94 116 195 135 26 
51 184 197 91 147 64 141 42 26 
51 15 13 23 162 66 169 164 103 33 26 
51 115 161 95 168 67 103 132 26 
51 184 197 129 147 64 149 42 26 
51 115 197 27 49 46 90 10 42 26 
51 15 13 5 7 178 46 67 103 196 26 
51 15 124 23 162 66 199 164 103 30 26 
51 15 154 53 129 8 168 67 103 196 26 
51 184 197 27 187 147 64 102 42 26 
51 184 5 129 147 64 149 42 26 
51 184 161 95 94 116 128 33 26 
51 184 5 129 178 64 149 42 26 
51 20 115 161 95 126 116 195 159 26 
51 115 197 27 49 46 90 163 42 26 
51 184 161 95 32 174 141 42 26 
51 184 197 129 8 168 67 117 92 26 
51 184 161 95 94 140 195 135 26 
51 115 161 95 126 116 38 135 26 
51 115 5 129 8 168 67 83 135 160 26 
51 184 5 7 178 46 158 66 79 97 195 159 26 
51 115 197 27 49 55 149 42 26 
51 184 13 23 162 95 168 67 103 196 26 
51 15 72 84 34 106 140 195 33 26 
51 15 107 6 179 29 138 75 10 42 26 
51 184 197 27 49 55 199 164 200 132 26 
51 115 5 6 76 29 138 149 42 26 
51 15 72 171 66 199 164 128 33 26 
51 184 161 95 126 116 38 152 26 
51 20 13 5 27 178 46 67 103 196 26 
51 15 124 23 162 59 193 71 38 135 26 
51 115 197 129 8 168 67 103 139 26 
51 184 5 27 147 64 149 42 26 
51 115 72 171 66 199 164 103 139 26 
51 15 107 6 179 29 138 174 149 42 26 
51 115 161 95 32 64 149 42 26 
51 184 5 27 49 55 94 59 137 97 195 159 26 
51 184 197 27 147 64 102 177 139 26 
51 115 5 182 187 111 138 10 42 26 
51 115 197 129 8 168 67 103 92 26 
51 184 197 129 178 46 67 128 132 26 
51 184 5 27 49 55 11 59 193 71 195 88 26 
51 184 121 166 56 111 138 141 42 26 
51 115 5 91 147 64 149 42 26 
51 20 115 72 171 95 94 116 128 88 26 
51 115 72 84 153 79 69 195 88 26 
51 184 161 95 168 64 102 42 135 160 26 
51 184 161 95 153 79 69 195 33 26 
51 15 107 72 171 66 199 116 195 159 26 
51 15 124 23 189 114 105 69 195 159 26 
51 15 107 6 146 29 138 141 42 26 
51 184 161 95 158 116 190 200 132 26 
51 115 161 95 126 116 38 152 26 
51 20 13 5 129 8 126 116 195 92 26 
51 184 124 23 162 66 106 164 103 88 26 
51 184 161 95 158 59 137 164 200 152 26 
51 184 161 95 126 116 128 152 26 
51 184 72 84 66 106 164 103 152 26 
51 184 121 27 49 64 149 42 26 
51 115 161 95 168 67 128 135 26 
51 184 5 7 178 46 149 177 139 26 
51 184 124 23 162 59 137 190 103 30 26 
51 15 13 23 189 114 105 97 195 92 26 
51 20 13 5 91 147 64 102 42 26 
51 15 124 23 162 66 199 116 195 135 160 26 
51 15 123 121 122 143 111 138 174 149 42 26 
51 184 161 95 59 137 69 200 152 26 
51 184 161 95 153 173 44 137 125 195 33 26 
51 145 13 5 7 178 64 102 42 26 
51 184 121 166 45 49 64 141 42 26 
51 15 72 84 11 55 90 102 42 26 
51 15 124 23 162 59 137 125 128 159 26 
51 184 121 31 146 147 64 149 42 26 
51 184 197 129 178 46 90 141 42 26 
51 184 161 95 158 59 137 190 103 81 26 
51 150 15 124 154 171 66 173 21 25 200 132 26 
51 145 13 5 7 178 46 67 83 139 26 
51 184 197 129 8 168 67 103 132 26 
51 15 72 84 34 156 69 195 88 26 
51 15 124 23 162 66 169 164 103 81 26 
51 184 121 166 56 29 138 10 42 26 
51 184 197 129 8 168 64 90 83 135 26 
51 184 161 95 168 67 117 152 26 
51 20 13 72 84 95 158 116 38 135 26 
51 184 197 129 8 126 116 128 135 26 
51 145 13 53 129 178 46 67 103 81 26 
51 184 197 129 8 168 67 103 152 26 
51 184 161 95 94 116 128 159 26 
51 15 72 84 34 193 71 195 135 26 
51 115 5 7 147 64 62 163 42 26 
51 184 121 6 179 49 46 67 103 196 26 
51 115 161 95 126 116 200 132 26 
51 15 107 134 179 192 111 138 75 10 42 26 
51 115 197 27 151 29 138 149 177 139 26 
51 184 121 166 147 64 149 42 26 
51 15 123 39 73 29 138 10 42 26 
51 184 121 166 146 49 46 149 42 26 
51 115 5 27 45 29 138 149 42 26 
51 184 197 129 178 46 67 128 33 26 
51 145 13 5 27 49 46 67 103 132 26 
51 184 121 166 143 111 138 141 42 26 
51 184 161 95 11 46 67 103 81 26 
51 184 121 166 192 111 138 141 42 26 
51 15 72 84 66 169 90 117 152 26 
51 184 161 95 59 193 25 200 132 26 
51 15 13 5 27 49 64 149 42 26 
51 115 5 129 8 168 67 103 81 26 
51 145 13 72 84 11 106 164 103 86 26 
51 184 197 27 49 55 90 83 139 26 
51 184 161 95 59 137 125 103 81 26 
51 184 161 95 70 169 90 82 42 26 
51 115 161 95 168 67 103 81 26 
51 20 13 5 7 178 64 149 42 26 
51 184 197 27 49 64 149 177 139 26 
51 15 124 154 171 95 133 114 105 69 195 88 26 
51 115 197 134 146 4 64 102 42 26 
51 115 161 95 126 116 38 92 26 
51 15 124 154 161 95 133 114 105 97 195 92 26 
51 15 107 91 76 29 138 149 42 26 
51 184 121 166 147 49 55 188 164 200 152 26 
51 145 154 53 129 178 64 102 42 26 
51 115 161 95 94 140 195 92 26 
51 15 124 23 162 66 169 116 38 132 26 
51 184 161 95 158 116 195 88 26 
51 150 184 161 95 168 67 103 196 26 
51 184 5 27 192 111 138 149 42 26 
51 15 107 91 147 64 141 42 196 26 
51 115 161 95 126 116 195 159 26 
51 115 161 84 95 168 67 83 139 26 
51 184 121 27 187 29 138 174 149 42 26 
51 184 124 23 162 66 156 97 195 92 26 
51 184 121 166 45 29 138 141 42 26 
51 184 121 27 178 64 141 42 26 
51 184 72 91 147 64 141 42 26 
51 145 123 39 73 49 55 149 42 26 
51 15 124 23 162 34 193 71 200 152 26 
51 20 115 161 95 126 140 195 92 26 
51 184 5 27 49 55 149 177 81 26 
51 184 5 182 76 29 138 141 42 26 
51 15 124 23 162 114 105 69 195 33 26 
51 184 161 95 158 140 195 33 26 
51 184 5 27 49 55 67 128 159 26 
51 115 5 129 8 168 67 103 86 26 
51 184 121 129 178 46 199 164 195 159 26 
51 115 161 95 32 174 9 163 42 26 
51 184 197 27 49 64 102 10 42 26 
51 184 161 95 94 116 128 92 26 
51 115 5 27 49 64 141 42 26 
51 184 161 95 32 64 149 42 26 
51 115 197 129 8 168 67 117 152 26 
51 150 123 161 95 126 116 128 139 26 
51 15 72 84 11 55 149 42 26 
51 184 197 27 61 111 138 10 42 26 
51 184 161 84 11 46 149 42 26 
51 184 5 27 151 111 138 141 42 26 
51 145 13 53 84 11 55 149 42 26 
51 115 161 95 32 64 141 42 135 160 26 
51 20 13 5 129 178 64 149 42 26 
51 184 124 23 189 153 156 69 200 132 26 
51 184 197 27 49 55 67 103 86 26 
51 184 197 129 58 130 64 102 42 26 
51 15 107 31 146 29 138 149 42 26 
51 115 161 95 126 116 195 33 26 
51 15 72 84 66 199 90 83 135 26 
51 115 161 95 32 174 149 42 26 
51 184 197 27 178 46 90 82 42 26 
51 145 154 161 95 59 137 97 200 132 26 
51 145 13 5 129 8 168 67 103 196 26 
51 115 161 95 94 116 200 132 26 
51 184 161 84 153 193 71 38 92 26 
51 15 124 23 189 153 158 140 195 152 26 
51 115 161 95 168 67 149 42 26 
51 184 161 95 59 193 71 195 135 26 
51 184 161 95 158 116 38 92 26 
51 115 5 27 147 64 102 42 26 
51 145 124 23 189 173 21 25 200 152 26 
51 184 197 129 8 168 67 83 135 160 30 26 
51 115 197 129 8 126 116 195 92 26 
51 15 124 23 162 59 137 164 200 152 26 
51 184 161 95 153 156 69 195 33 26 
51 115 161 95 126 116 128 132 26 
51 184 161 95 153 173 44 137 190 103 196 26 
51 115 197 129 8 126 116 195 132 26 
51 15 154 171 95 168 67 128 33 26 
51 115 5 129 8 126 116 38 135 26 
51 115 161 95 94 140 195 159 26 
51 184 123 39 129 8 168 67 103 196 26 
51 115 5 7 147 64 138 149 42 26 
51 15 107 31 73 29 138 149 42 26 
51 184 121 166 58 29 138 149 67 103 86 26 
51 184 5 129 8 126 116 195 33 26 
51 184 161 95 158 140 200 132 26 
51 145 13 5 7 178 46 67 103 196 26 
51 184 161 95 94 140 195 88 26 
51 184 72 84 66 199 90 163 42 26 
51 15 72 84 66 199 164 128 33 26 
51 15 154 171 66 199 164 128 159 26 
51 184 197 129 178 64 62 10 42 26 
51 115 197 129 8 126 140 195 135 26 
51 184 197 27 178 46 199 164 200 132 26 
51 184 161 95 87 64 138 10 42 26 
51 184 121 129 8 168 67 103 86 26 
51 150 184 161 95 168 67 128 88 26 
51 184 161 95 34 156 22 200 132 26 
51 184 5 129 8 168 67 103 135 26 
51 15 124 23 162 34 106 164 103 30 26 
51 115 161 95 126 116 128 139 26 
51 184 161 95 158 140 200 152 26 
51 184 161 95 34 193 97 195 159 26 
51 184 5 7 178 64 90 117 132 26 
51 115 5 7 178 64 62 141 42 26 
51 184 121 166 61 178 46 67 103 196 26 
51 20 115 5 129 8 126 116 128 33 26 
51 115 5 129 8 126 140 195 159 26 
51 115 197 6 58 4 64 102 42 26 
51 184 161 95 70 16 164 103 196 26 
51 184 161 95 94 116 195 88 26 
51 115 5 27 151 111 138 102 42 26 
51 115 197 27 178 64 141 42 26 
51 184 197 27 49 46 67 128 33 26 
51 184 161 95 87 174 141 177 81 26 
51 184 161 95 59 137 74 128 139 26 
51 184 5 129 147 64 90 117 92 26 
51 15 107 31 58 29 138 10 42 26 
51 115 5 27 49 55 67 103 81 26 
51 115 197 134 146 29 138 141 42 26 
51 15 124 23 189 173 21 25 200 152 26 
51 184 197 129 8 126 140 71 195 88 26 
51 184 5 182 147 64 32 106 164 103 30 26 
51 15 72 84 66 199 90 83 139 26 
51 184 5 27 49 55 94 59 137 69 195 33 26 
51 115 161 95 126 140 195 132 26 
51 15 72 84 11 46 67 128 152 26 
51 184 121 166 45 49 46 149 42 26 
51 115 161 95 158 116 195 159 26 
51 15 107 91 147 64 102 177 139 26 
51 15 124 23 162 59 193 97 195 159 26 
51 20 13 23 189 153 106 164 103 86 26 
51 184 5 7 45 111 138 141 42 26 
51 184 161 95 59 193 97 200 132 26 
51 184 197 27 49 64 90 163 42 26 
51 145 13 154 171 66 193 71 195 92 26 
51 115 197 6 73 29 138 102 42 26 
51 15 123 39 122 147 64 149 42 26 
51 15 124 23 162 114 105 69 195 152 26 
51 20 115 161 95 126 116 128 132 26 
51 15 107 134 122 56 187 49 64 141 42 26 
51 184 121 122 147 64 62 163 42 26 
51 184 121 122 147 64 149 42 26 
51 15 107 6 179 147 64 102 42 26 
51 184 121 129 8 126 116 128 135 26 
51 184 121 166 61 111 138 149 90 83 135 26 
51 184 161 95 158 116 128 132 26 
51 184 72 84 153 79 71 195 92 26 
51 184 72 84 11 55 149 42 26 
51 115 5 7 178 64 149 42 135 160 26 
51 20 13 53 129 147 64 149 42 26 
51 115 197 129 8 126 140 195 88 26 
51 184 197 129 8 126 116 190 195 135 26 
51 184 197 129 8 168 55 67 83 135 160 26 
51 184 121 122 147 64 57 35 125 103 30 26 
51 184 161 95 153 79 69 195 159 26 
51 184 121 129 8 168 67 83 135 160 26 
51 184 5 129 178 64 102 42 135 160 26 
51 150 20 13 53 84 11 46 149 42 26 
51 184 5 27 49 55 16 125 103 30 26 
51 184 161 84 153 79 69 195 152 26 
51 184 161 95 94 116 128 88 26 
51 184 161 95 94 116 195 92 26 
51 184 121 166 147 4 64 141 42 26 
51 15 107 6 76 178 64 141 42 26 
51 115 5 129 8 126 116 128 33 26 
51 115 197 91 147 64 149 42 26 
51 184 161 95 168 64 141 42 135 160 26 
51 15 124 23 162 34 193 71 38 132 26 
51 184 197 27 49 46 90 82 42 26 
51 184 121 166 147 64 141 42 26 
51 184 72 84 153 193 71 38 135 26 
51 184 154 171 95 94 140 195 33 26 
51 184 5 7 178 46 67 103 196 26 
51 184 197 129 8 168 67 103 30 26 
51 184 72 84 153 79 71 200 152 26 
51 184 161 95 168 67 128 132 26 
51 15 124 23 162 66 79 71 200 152 26 
51 184 5 129 178 46 67 128 92 26 
51 15 107 134 166 56 187 49 64 102 42 26 
51 15 107 91 147 64 90 82 42 26 
51 115 161 95 32 174 1 163 42 26 
51 115 161 95 168 67 128 92 26 
51 184 197 129 8 126 116 200 132 26 
51 115 161 95 126 140 195 33 26 
51 184 161 95 94 116 128 139 160 26 
51 15 123 161 95 168 67 83 135 26 
51 184 13 23 189 153 158 140 195 92 26 
51 184 197 129 8 168 67 128 33 26 
51 15 13 23 162 59 137 190 200 152 26 
51 115 5 7 147 64 141 177 81 26 
51 184 197 27 151 29 138 149 177 139 26 
51 184 121 166 179 29 138 102 42 26 
51 115 197 91 147 64 141 42 26 
51 184 121 129 178 64 149 42 26 
51 145 154 161 95 59 137 190 103 196 26 
51 115 161 84 11 55 149 42 135 160 26 
51 15 124 23 162 59 137 125 103 33 26 
51 184 121 166 147 64 168 16 164 128 88 26 
51 184 161 95 168 64 141 42 26 
51 184 197 27 49 46 94 140 195 132 26 
51 184 161 95 94 59 137 125 103 196 26 
51 20 13 5 129 147 64 141 42 26 
51 184 197 129 61 111 138 149 42 26 
51 115 161 95 158 116 38 132 26 
51 115 161 95 126 140 195 88 26 
51 184 5 7 178 46 67 103 81 26 
51 15 72 91 147 64 102 42 26 
51 184 197 27 178 64 174 149 42 26 
51 15 13 5 129 8 168 67 103 139 26 
51 20 13 53 129 178 64 141 42 30 26 
51 115 161 95 168 67 103 135 26 
51 115 161 95 94 116 128 159 26 
51 15 107 39 122 56 187 49 64 102 42 26 
51 184 197 129 8 168 67 128 132 26 
51 20 115 5 27 49 46 149 42 26 
51 184 121 6 146 29 138 141 42 26 
51 115 5 7 147 64 141 42 135 160 26 
51 115 161 95 94 140 195 135 160 26 
51 184 5 129 8 126 140 195 152 26 
51 115 5 129 61 29 138 149 42 26 
51 184 161 95 158 116 128 152 26 
51 15 154 171 66 199 164 103 30 26 
51 184 197 129 8 126 169 90 83 135 160 26 
51 115 197 27 49 55 16 125 38 152 26 
51 115 5 27 49 55 67 128 132 26 
51 20 13 5 7 147 64 102 42 26 
51 115 161 95 168 67 103 159 26 
51 115 197 129 8 168 67 83 139 160 26 
51 15 124 23 189 153 156 97 195 33 26 
51 20 13 5 27 49 46 67 128 33 26 
51 115 5 129 8 168 67 117 132 26 
51 184 121 166 61 111 138 141 42 26 
51 184 161 95 168 67 103 33 26 
51 15 154 171 66 169 164 103 30 26 
51 184 121 166 147 49 55 67 103 86 26 
51 115 197 91 7 147 64 141 42 26 
51 20 13 5 27 147 64 149 42 26 
51 15 13 23 162 59 137 125 103 86 26 
51 15 107 72 84 11 46 67 103 86 26 
51 184 121 129 8 168 67 128 135 26 
51 115 5 7 151 111 138 149 42 26 
51 184 72 171 66 199 164 103 139 26 
51 20 115 72 161 95 94 140 195 88 26 
51 184 161 84 11 55 149 177 30 26 
51 184 161 95 168 67 128 139 26 
51 115 197 129 8 168 67 128 139 26 
51 184 121 27 187 29 138 149 42 26 
51 184 5 91 147 64 141 42 26 
51 184 161 171 66 199 116 128 139 26 
51 15 154 171 95 126 140 195 33 26 
51 115 5 129 8 168 67 103 139 26 
51 184 5 7 147 64 102 42 26 
51 15 154 171 95 94 116 128 33 26 
51 184 121 27 147 64 102 42 26 
51 184 154 171 66 199 90 163 42 26 
51 184 5 27 61 29 138 149 67 103 196 26 
51 15 72 84 11 55 149 177 81 26 
51 184 5 129 8 168 67 128 135 26 
51 184 121 166 192 29 138 149 67 103 139 26 
51 184 72 84 34 193 97 195 33 26 
51 20 13 53 84 11 46 149 42 26 
51 184 5 129 8 168 67 117 132 26 
51 184 161 95 70 106 164 38 132 26 
51 184 161 84 153 106 164 103 30 26 
51 184 5 27 49 64 149 42 26 
51 184 121 166 147 64 90 10 42 26 
51 184 121 27 49 55 90 117 92 26 
51 184 197 129 58 4 64 141 42 26 
51 115 197 129 178 46 67 103 86 26 
51 184 161 95 94 140 195 92 26 
51 115 5 27 49 55 67 103 86 26 
51 15 72 84 11 168 67 128 33 26 
51 115 197 27 45 111 138 102 42 26 
51 184 161 95 158 116 128 88 26 
51 115 13 5 27 178 64 102 42 26 
51 20 115 161 95 126 116 128 88 26 
51 184 197 27 147 64 141 177 139 26 
51 184 121 129 8 168 67 83 135 26 
51 115 123 39 73 29 138 102 42 26 
51 184 197 129 8 126 116 128 88 26 
51 20 13 5 27 49 46 67 103 30 26 
51 115 197 27 178 64 102 42 26 
51 20 115 161 95 59 137 190 103 196 26 
51 184 121 27 187 111 138 149 67 103 196 26 
51 115 161 95 168 67 128 33 26 
51 150 123 39 73 29 138 10 42 26 
51 15 72 84 34 193 71 195 88 26 
51 184 161 95 94 116 97 195 33 26 
51 115 5 129 8 126 140 195 135 26 
51 15 107 91 147 64 46 67 128 92 26 
51 184 5 129 8 168 67 117 92 26 
51 184 197 129 8 126 116 128 132 26 
51 184 5 161 95 126 116 38 152 26 
51 184 197 27 49 64 141 42 196 26 
51 15 107 91 147 64 149 42 135 160 26 
51 184 161 95 158 116 200 132 26 
51 115 5 129 8 126 116 128 139 26 
51 184 5 27 49 55 67 103 30 26 
51 184 161 95 126 140 195 159 26 
51 15 107 91 147 64 141 42 26 
51 184 121 122 192 29 138 102 42 26 
51 115 72 91 147 64 149 42 26 
51 115 161 95 87 64 141 42 26 
51 145 154 171 66 193 71 38 152 26 
51 184 161 95 94 116 190 195 135 26 
51 20 115 161 95 158 116 128 139 26 
51 184 5 7 178 46 67 117 92 26 
51 20 115 197 91 147 64 141 42 26 
51 184 121 122 182 147 64 149 42 26 
51 115 197 27 49 55 11 66 156 97 195 159 26 
51 184 197 27 49 55 67 149 42 26 
51 184 161 95 87 55 149 42 26 
51 115 5 129 8 168 67 103 159 26 
51 184 197 129 8 168 67 103 81 26 
51 184 5 31 73 29 138 149 67 103 86 26 
51 115 197 129 178 46 90 117 152 26 
51 184 5 129 178 64 141 42 196 26 
51 15 124 154 171 66 173 21 25 200 132 26 
51 145 13 5 27 178 46 90 117 92 26 
51 184 121 166 143 147 64 102 42 26 
51 20 13 5 182 147 64 102 42 26 
51 20 13 5 27 49 64 149 42 26 
51 184 161 84 11 55 67 103 30 26 
51 184 5 129 8 168 67 83 139 26 
51 115 161 95 59 137 190 103 86 26 
51 145 124 23 189 114 105 97 195 152 26 
51 184 161 95 168 46 90 83 135 26 
51 184 161 95 168 67 103 81 26 
51 184 161 171 66 199 90 163 42 26 
51 184 161 95 168 67 83 139 26 
51 115 107 134 179 29 138 102 42 26 
51 184 124 23 162 95 168 67 128 33 26 
