1 2 5 11 78 198 489 581 1199 1537 1529 1520 1511 1501 1462 1792 1950 2261 2580 2752 2296 2323 2651 
1 3 15 89 228 890 891 892 893 894 324 426 508 200 990 1353 1699 1861 2019 2177 2335 2493 2651 
1 4 9 191 996 986 933 1296 1622 1793 1958 2286 2296 2323 2651 
1 3 16 83 783 1213 1181 1495 1830 1998 2165 2493 2651 
1 2 6 81 206 506 822 1063 1426 1767 2082 2049 2199 2493 2651 
1 2 6 82 213 845 1253 1589 1579 1569 1561 1531 1833 2156 2323 2651 
1 2 5 11 80 487 1006 996 958 1289 1627 1800 1968 2296 2323 2651 
1 2 5 12 201 204 803 1235 1581 1906 1897 1867 2159 2317 2640 2930 3003 3004 3005 1960 1988 2156 2323 2651 
1 3 15 87 115 236 1086 1432 1422 1387 1547 1705 2001 2323 2651 
1 2 5 11 78 200 1014 978 1301 1648 1820 1988 2156 2323 2651 
1 2 5 13 195 577 715 1120 1294 1464 1800 1968 2296 2323 2651 
1 2 5 13 195 577 715 1120 1468 1812 1840 2007 2335 2493 2651 
1 2 5 11 78 200 579 1189 1151 1464 1800 2128 2138 2165 2493 2651 
1 2 6 82 213 845 1066 1424 1755 1721 2019 2177 2335 2493 2651 
1 3 16 204 803 1235 1581 1906 1875 2025 2317 2640 2930 3003 3004 3005 1960 1988 2156 2323 2651 
1 4 9 76 196 998 1352 1314 1625 1951 2276 2286 2296 2323 2651 
1 3 15 87 115 236 1086 1432 1422 1387 1699 1861 2019 2177 2335 2493 2651 
1 3 15 89 229 1075 1243 1579 1569 1539 1843 2001 2323 2651 
1 3 15 88 92 106 112 222 918 1283 1279 1273 1261 1251 1215 1533 1699 1861 2019 2177 2335 2493 2651 
1 2 5 12 201 785 1224 1561 1531 1833 2156 2323 2651 
1 3 15 88 92 106 112 256 1109 1105 1099 1084 1073 1034 1207 1371 1681 1843 2001 2323 2651 
1 3 15 87 113 121 129 250 1107 1449 1414 1571 1877 2199 2493 2651 
1 3 15 87 113 123 243 1101 1443 1432 1395 1555 1861 2019 2177 2335 2493 2651 
1 2 5 11 79 496 1036 1217 1563 1889 1859 2149 2473 2621 2917 2993 2994 2995 1948 1968 2296 2323 2651 
1 3 14 85 225 517 886 1277 1617 1777 2091 2057 2207 2357 2651 
1 3 15 88 92 106 112 256 1109 1105 1099 1084 1073 1062 1052 1016 1346 1515 1681 1843 2165 2493 2651 
1 3 14 86 803 1235 1581 1906 1875 2025 2317 2640 2930 3003 3004 3005 1960 1988 2156 2323 2651 
1 2 5 11 78 198 489 581 1199 1363 1695 1686 1677 1667 1628 1950 2261 2580 2752 2296 2323 2651 
1 4 9 191 996 958 1125 1466 1788 1951 2276 2286 2296 2323 2651 
1 2 5 13 197 194 189 535 923 1291 1468 1648 1820 1988 2156 2323 2651 
1 2 5 11 79 496 1036 1217 1389 1729 2047 2017 2307 2631 2924 2998 2999 3000 1953 1960 1988 2156 2323 2651 
1 3 16 205 1032 1022 988 1316 1658 1830 1998 2165 2493 2651 
1 2 5 11 80 741 545 1127 1301 1471 1637 1968 2296 2323 2651 
1 3 14 85 225 867 1077 1255 1601 1757 2073 2041 2335 2493 2651 
1 3 14 84 210 511 520 1103 1451 1611 1933 1899 2049 2199 2493 2651 
1 3 14 85 223 232 520 1103 1451 1611 1933 1899 2049 2199 2493 2651 
1 2 6 82 213 514 1077 1434 1591 1915 1883 2177 2335 2493 2651 
1 2 6 81 207 210 517 1088 1445 1601 1924 1891 2041 2335 2493 2651 
1 3 14 85 223 232 520 1103 1451 1781 1747 1899 2049 2199 2493 2651 
1 3 15 87 113 121 129 250 1107 1449 1443 1404 1715 1877 2035 2357 2651 
1 3 14 84 209 825 1243 1579 1547 1705 2001 2323 2651 
1 3 15 89 229 1075 1422 1412 1402 1371 1681 1843 2001 2323 2651 
1 2 5 11 78 200 579 1189 1151 1464 1800 1968 2296 2323 2651 
1 3 16 83 782 1226 1571 1897 1867 2159 2482 2796 2914 2915 2916 1802 1830 1998 2165 2493 2651 
1 3 14 84 209 825 1056 1414 1745 1735 1705 2001 2323 2651 
1 3 15 88 92 106 112 256 1109 1105 1064 1389 1557 1723 1885 2207 2357 2651 
1 3 16 204 1046 1226 1571 1729 2047 2017 2307 2631 2924 2998 2999 3000 1953 1960 1988 2156 2323 2651 
1 2 6 82 213 514 864 1265 1611 1933 1924 1891 2041 2335 2493 2651 
1 3 14 85 225 517 1088 1445 1775 1737 2035 2357 2651 
1 2 5 11 80 741 577 715 1120 1468 1648 1980 2007 2335 2493 2651 
1 3 16 205 763 1205 1197 1161 1471 1810 2138 2165 2493 2651 
1 2 5 11 80 741 577 715 1120 1468 1812 1840 2007 2335 2493 2651 
1 3 14 84 211 806 1046 1404 1735 1705 2001 2323 2651 
1 2 6 83 783 1213 1205 1197 1161 1471 1637 1968 2296 2323 2651 
1 3 15 89 229 1075 1422 1412 1402 1371 1531 1833 2156 2323 2651 
1 2 6 83 782 1226 1571 1897 1867 2159 2482 2796 2914 2915 2916 1802 1830 1998 2165 2493 2651 
1 3 16 205 1032 998 1326 1668 2001 2323 2651 
1 3 16 205 1032 1022 1014 978 1301 1648 1980 2007 2335 2493 2651 
1 3 16 83 782 1226 1397 1737 2055 2025 2317 2640 2930 3003 3004 3005 1960 1988 2156 2323 2651 
1 2 6 83 203 1034 1207 1545 1537 1529 1520 1511 1469 1628 1950 2261 2580 2752 2296 2323 2651 
1 3 15 87 113 123 243 1101 1443 1432 1422 1387 1547 1705 2001 2323 2651 
1 3 16 83 203 765 1026 1209 1555 1881 1850 2139 2297 2621 2917 2993 2994 2995 1948 1968 2296 2323 2651 
1 2 5 12 201 785 1036 1217 1563 1889 1859 2008 2297 2621 2917 2993 2994 2995 1948 1968 2296 2323 2651 
1 3 15 88 92 106 112 256 1109 1105 1099 1054 1381 1549 1883 2177 2335 2493 2651 
1 3 16 83 203 1034 1207 1371 1703 1695 1686 1677 1667 1628 1950 2261 2580 2752 2296 2323 2651 
1 2 6 81 206 805 864 1265 1611 1767 2082 2049 2199 2493 2651 
1 3 14 86 803 1053 1416 1757 2073 2041 2335 2493 2651 
1 2 6 83 783 1024 1377 1369 1361 1352 1314 1625 1951 2276 2286 2296 2323 2651 
1 2 5 11 79 496 1035 1063 1426 1767 2082 2049 2199 2493 2651 
1 3 16 205 763 1016 1369 1361 1352 1314 1625 1951 2276 2286 2296 2323 2651 
1 3 15 87 113 123 243 1101 1443 1404 1715 2041 2335 2493 2651 
1 2 5 13 195 191 996 986 933 1296 1622 1953 1960 1988 2156 2323 2651 
1 3 15 88 92 106 112 256 915 1279 1243 1404 1715 1877 2199 2493 2651 
1 2 5 11 80 487 980 1344 1677 1667 1628 1950 2261 2580 2752 2296 2323 2651 
1 3 14 84 211 806 1233 1569 1539 1843 2165 2493 2651 
1 2 6 81 206 806 1046 1404 1735 1705 2001 2323 2651 
1 2 6 82 213 845 1066 1424 1755 1745 1735 1705 2001 2323 2651 
1 4 8 72 189 535 923 1291 1636 1668 2001 2323 2651 
1 4 9 76 196 554 990 1354 1686 1677 1667 1628 1950 2261 2580 2752 2296 2323 2651 
1 2 7 75 194 541 928 1298 1482 1658 1830 1998 2165 2493 2651 
1 3 15 89 225 867 1077 1434 1765 1729 1883 2177 2335 2493 2651 
1 3 14 84 211 1054 1402 1371 1681 1843 2165 2493 2651 
1 2 5 12 201 204 803 1235 1581 1906 1875 2025 2317 2640 2930 3003 3004 3005 1960 1988 2156 2323 2651 
1 3 15 89 229 845 1066 1424 1755 1745 1735 1705 2001 2323 2651 
1 3 16 205 1032 998 1326 1495 1830 1998 2165 2493 2651 
1 3 16 83 203 1034 1207 1545 1537 1529 1520 1511 1469 1628 1950 2261 2580 2752 2296 2323 2651 
1 3 15 87 113 121 129 250 1107 1449 1414 1571 1877 2035 2357 2651 
1 3 14 85 225 517 1088 1445 1775 1765 1729 1883 2177 2335 2493 2651 
1 3 15 87 115 236 867 1263 1599 1563 1721 2019 2177 2335 2493 2651 
1 3 15 88 92 106 112 256 1109 1105 1099 1084 1073 1062 1024 1199 1515 1681 2007 2335 2493 2651 
1 3 16 83 203 765 1215 1379 1711 1703 1695 1686 1677 1667 1628 1950 2261 2580 2752 2296 2323 2651 
1 2 5 13 195 191 996 958 1289 1627 1800 1968 2296 2323 2651 
1 4 9 76 196 554 1181 1344 1677 1667 1628 1950 2261 2580 2752 2296 2323 2651 
1 3 15 88 92 106 112 256 915 1279 1273 1261 1251 1241 1231 1199 1515 1681 2007 2335 2493 2651 
1 3 14 86 804 1222 1213 1181 1495 1830 1998 2165 2493 2651 
1 3 14 84 210 511 868 869 870 871 872 321 422 505 487 562 1153 1502 1843 2001 2323 2651 
1 3 14 85 225 517 886 1277 1617 1939 1933 1899 2049 2199 2493 2651 
1 4 9 190 1010 1371 1703 1695 1686 1677 1667 1628 1950 2261 2580 2752 2296 2323 2651 
1 2 5 11 78 198 489 1016 1369 1334 1637 1968 2296 2323 2651 
1 3 15 87 115 236 1086 1432 1422 1412 1379 1539 1843 2165 2493 2651 
1 2 7 75 193 576 1171 1511 1469 1628 1950 2261 2580 2752 2296 2323 2651 
1 4 8 73 193 576 1171 1511 1469 1628 1950 2261 2580 2752 2296 2323 2651 
1 3 15 87 113 121 129 250 1107 1449 1443 1404 1563 1721 2019 2177 2335 2493 2651 
1 3 16 205 1032 998 1326 1495 1661 1988 2156 2323 2651 
1 3 15 88 92 106 112 256 915 1279 1273 1261 1251 1241 1231 1199 1515 1849 2177 2335 2493 2651 
1 2 5 12 203 765 1215 1379 1711 1703 1695 1686 1677 1667 1628 1950 2261 2580 2752 2296 2323 2651 
1 3 14 85 223 230 239 911 1281 1615 1609 1571 1729 1883 2177 2335 2493 2651 
1 4 8 72 189 535 923 1291 1468 1812 1840 2007 2335 2493 2651 
1 3 14 84 209 824 1078 1079 1080 1081 895 365 462 802 781 562 1153 1502 1843 2165 2493 2651 
1 2 5 11 78 198 489 1016 1369 1361 1352 1314 1625 1951 2276 2286 2296 2323 2651 
1 3 14 86 208 1044 1393 1363 1671 1833 2156 2323 2651 
1 3 15 88 92 106 112 256 1109 1105 1099 1084 1073 1062 1052 1042 1008 1336 1505 1671 1998 2165 2493 2651 
1 3 15 87 115 236 1086 1432 1395 1555 1861 2019 2177 2335 2493 2651 
1 2 5 11 79 496 1035 1063 1426 1767 2082 2073 2041 2335 2493 2651 
1 2 5 13 195 576 1171 1511 1469 1628 1950 2261 2580 2752 2296 2323 2651 
1 3 14 84 210 511 520 1103 1451 1781 1747 1899 2049 2199 2493 2651 
1 3 15 89 225 517 1088 1445 1601 1924 1891 2041 2335 2493 2651 
1 2 6 81 208 1044 1393 1363 1671 1998 2165 2493 2651 
1 3 15 87 113 123 243 1101 1443 1404 1715 1877 2035 2357 2651 
1 2 5 12 202 509 1066 1424 1755 1721 2019 2177 2335 2493 2651 
1 2 6 81 206 805 1067 1068 1069 1070 873 360 459 781 562 1153 1502 1843 2001 2323 2651 
1 3 14 86 803 1235 1581 1906 1897 1867 2159 2317 2640 2930 3003 3004 3005 1960 1988 2156 2323 2651 
1 3 15 87 115 232 520 1103 1451 1781 1747 1899 2049 2199 2493 2651 
1 3 14 84 211 1054 1402 1371 1681 1843 2001 2323 2651 
1 3 14 84 210 517 1088 1445 1775 1765 1729 1883 2177 2335 2493 2651 
1 3 15 89 225 867 1077 1434 1765 1755 1721 2019 2177 2335 2493 2651 
1 2 6 83 203 765 1026 1209 1555 1881 1850 2139 2297 2621 2917 2993 2994 2995 1948 1968 2296 2323 2651 
1 3 14 86 804 1222 1213 1181 1495 1661 1988 2156 2323 2651 
1 3 15 87 113 123 243 1101 1443 1432 1422 1412 1379 1539 1843 2001 2323 2651 
1 2 5 11 80 487 1006 968 1294 1464 1800 2128 2156 2323 2651 
1 3 15 88 92 106 112 256 1109 1075 1243 1404 1715 1877 2199 2493 2651 
1 3 15 89 229 845 1253 1589 1579 1547 1705 2001 2323 2651 
1 2 6 82 213 845 1066 1245 1591 1915 1883 2177 2335 2493 2651 
1 3 16 205 1032 998 1171 1334 1637 1968 2296 2323 2651 
1 2 6 83 783 1024 1199 1363 1695 1686 1677 1667 1628 1950 2261 2580 2752 2296 2323 2651 
1 3 15 88 92 106 112 256 1109 1075 1397 1737 2035 2357 2651 
1 2 5 13 196 554 990 1354 1686 1677 1667 1628 1950 2261 2580 2752 2296 2323 2651 
1 2 5 11 80 741 545 1127 1482 1822 1849 2177 2335 2493 2651 
1 2 6 82 213 514 1077 1434 1765 1729 1883 2177 2335 2493 2651 
1 2 5 13 195 191 996 986 933 1296 1622 1793 2118 2128 2156 2323 2651 
1 2 6 83 783 1024 1199 1537 1529 1520 1511 1469 1628 1950 2261 2580 2752 2296 2323 2651 
1 3 15 89 229 1075 1422 1387 1547 1705 2001 2323 2651 
1 2 5 11 78 200 1014 1006 968 1294 1634 1810 2138 2165 2493 2651 
1 3 14 84 209 824 1078 1079 1080 1081 895 365 462 802 781 562 1153 1326 1495 1830 1998 2165 2493 2651 
1 3 14 85 223 232 889 1275 1609 1571 1877 2199 2493 2651 
1 2 6 83 783 1213 1181 1495 1830 1998 2165 2493 2651 
1 3 15 89 225 867 1077 1255 1601 1924 1891 2041 2335 2493 2651 
1 3 14 84 210 846 847 848 849 850 318 416 501 495 482 960 1143 1492 1668 2001 2323 2651 
1 2 5 11 78 198 742 1023 1389 1729 2047 2017 2307 2631 2924 2998 2999 3000 1953 1960 1988 2156 2323 2651 
1 2 7 75 192 560 701 1115 1461 1802 1830 1998 2165 2493 2651 
1 2 6 83 782 1043 1406 1747 2064 2055 2025 2317 2640 2930 3003 3004 3005 1960 1988 2156 2323 2651 
1 3 15 88 92 106 112 256 915 1279 1273 1261 1251 1215 1533 1699 1861 2019 2177 2335 2493 2651 
1 2 6 83 203 1034 1385 1354 1661 1988 2156 2323 2651 
1 3 15 88 92 106 112 256 915 1279 1273 1261 1251 1241 1231 1199 1515 1681 1843 2165 2493 2651 
1 3 14 84 209 825 1243 1579 1569 1539 1843 2001 2323 2651 
1 3 15 88 92 106 112 256 915 1279 1273 1233 1549 1715 1877 2199 2493 2651 
1 2 6 81 207 826 827 828 829 830 315 355 456 761 552 1143 1492 1833 2156 2323 2651 
1 3 14 85 223 230 239 911 1281 1615 1581 1737 1891 2041 2335 2493 2651 
1 3 15 88 92 106 112 256 1109 1105 1099 1054 1381 1549 1715 1877 2199 2493 2651 
1 2 5 11 79 496 1036 1217 1563 1889 1859 2149 2473 2787 2907 2908 2909 1795 1820 1988 2156 2323 2651 
1 2 6 81 206 805 864 1265 1611 1933 1924 1891 2041 2335 2493 2651 
1 3 15 89 225 867 1077 1255 1601 1924 1915 1883 2177 2335 2493 2651 
1 3 14 85 223 230 239 911 1281 1615 1609 1571 1877 2035 2357 2651 
1 2 6 81 207 826 827 828 829 830 315 412 80 741 545 1127 1301 1648 1820 1988 2156 2323 2651 
1 3 16 83 783 1213 1205 1171 1334 1637 1968 2296 2323 2651 
1 2 6 81 206 806 1233 1569 1561 1531 1833 2156 2323 2651 
1 2 7 76 196 998 1352 1342 1299 1632 1946 2269 2276 2286 2296 2323 2651 
1 3 16 83 203 1034 1385 1354 1661 1988 2156 2323 2651 
1 2 5 11 79 496 1036 1217 1563 1889 1881 1850 2139 2297 2621 2917 2993 2994 2995 1948 1968 2296 2323 2651 
1 3 15 89 229 1075 1243 1579 1569 1539 1843 2165 2493 2651 
1 3 15 88 92 106 112 256 1109 1105 1064 1233 1549 1715 1877 2199 2493 2651 
1 2 5 12 201 785 1036 1217 1389 1729 2047 2017 2307 2631 2924 2998 2999 3000 1953 1960 1988 2156 2323 2651 
1 3 15 87 115 232 520 1103 1451 1781 1775 1737 2035 2357 2651 
1 3 14 85 223 232 520 1103 1451 1781 1775 1737 2035 2357 2651 
1 2 6 81 206 806 1233 1569 1539 1843 2001 2323 2651 
1 3 16 205 763 1016 1369 1361 1324 1630 1958 2286 2296 2323 2651 
1 3 15 89 228 890 891 892 893 894 324 426 508 200 990 1173 1346 1515 1849 2177 2335 2493 2651 
1 3 15 88 92 106 112 256 1109 1105 1099 1084 1073 1034 1365 1533 1699 1861 2019 2177 2335 2493 2651 
1 2 5 13 197 194 541 928 1120 1468 1648 1820 1988 2156 2323 2651 
1 2 5 12 201 204 803 1053 1416 1757 2073 2041 2335 2493 2651 
1 2 5 11 78 198 742 1209 1555 1881 1850 2139 2297 2621 2917 2993 2994 2995 1948 1968 2296 2323 2651 
1 2 6 81 208 785 1224 1561 1531 1833 2156 2323 2651 
1 3 16 83 782 1043 1406 1747 2064 2033 2326 2649 2936 3008 3009 3010 1970 1998 2165 2493 2651 
1 2 5 11 78 199 1026 1387 1719 1711 1703 1695 1686 1677 1667 1628 1950 2261 2580 2752 2296 2323 2651 
1 2 5 13 197 194 541 928 1298 1482 1658 1830 1998 2165 2493 2651 
1 3 14 84 209 509 842 1255 1426 1767 2082 2073 2041 2335 2493 2651 
1 2 5 11 79 765 1215 1553 1545 1537 1529 1520 1511 1469 1628 1950 2261 2580 2752 2296 2323 2651 
1 2 5 11 80 487 1006 996 958 1289 1627 1960 1970 1998 2165 2493 2651 
1 3 14 85 225 517 1088 1265 1611 1767 2082 2049 2199 2493 2651 
1 3 15 88 92 106 112 256 915 1279 1243 1404 1715 1877 2035 2357 2651 
1 3 14 86 804 1222 1191 1505 1671 1998 2165 2493 2651 
1 2 6 83 783 1024 1377 1369 1361 1324 1630 1958 2286 2296 2323 2651 
1 2 7 75 193 988 1342 1299 1632 1946 2269 2276 2286 2296 2323 2651 
1 2 5 13 197 478 715 1120 1468 1648 1820 1988 2156 2323 2651 
1 2 5 12 202 207 514 1077 1434 1765 1755 1721 2019 2177 2335 2493 2651 
1 3 14 85 223 230 239 911 1281 1615 1581 1737 2035 2357 2651 
1 3 14 86 208 1044 1393 1363 1671 1998 2165 2493 2651 
1 3 14 84 210 846 847 848 849 850 318 360 459 781 761 552 1143 1492 1833 2156 2323 2651 
1 2 5 12 203 765 1026 1387 1719 1711 1703 1695 1686 1677 1667 1628 1950 2261 2580 2752 2296 2323 2651 
1 3 15 87 113 123 243 1101 1443 1404 1563 1721 2019 2177 2335 2493 2651 
1 3 14 86 804 1034 1385 1377 1369 1334 1637 1968 2296 2323 2651 
1 3 14 84 210 846 847 848 849 850 318 416 501 191 970 1333 1681 1843 2165 2493 2651 
1 2 5 11 78 198 743 1197 1189 1151 1464 1630 1958 2286 2296 2323 2651 
1 3 14 85 225 867 1263 1424 1755 1721 2019 2177 2335 2493 2651 
1 3 15 89 229 845 1253 1414 1745 1735 1705 2001 2323 2651 
1 3 15 87 115 232 889 1275 1609 1599 1563 1721 2019 2177 2335 2493 2651 
1 3 15 88 92 106 112 256 1109 1105 1064 1233 1549 1715 1877 2035 2357 2651 
1 2 6 81 207 514 1077 1434 1765 1755 1721 2019 2177 2335 2493 2651 
1 3 15 87 115 232 889 1275 1609 1571 1877 2035 2357 2651 
1 2 5 13 197 478 715 1120 1294 1464 1800 1968 2296 2323 2651 
1 3 14 84 211 806 1046 1404 1735 1727 1719 1711 1703 1695 1686 1677 1667 1628 1950 2261 2580 2752 2296 2323 2651 
1 2 7 75 194 189 535 923 1115 1289 1627 1800 1968 2296 2323 2651 
1 3 14 84 209 825 1056 1235 1581 1906 1897 1867 2159 2317 2640 2930 3003 3004 3005 1960 1988 2156 2323 2651 
1 3 14 84 209 824 1078 1079 1080 1081 895 365 462 802 781 562 1153 1502 1678 1849 2177 2335 2493 2651 
1 2 5 11 80 741 545 1127 1301 1648 1820 1988 2156 2323 2651 
1 2 5 11 79 764 822 1063 1426 1767 2082 2073 2041 2335 2493 2651 
1 3 14 86 803 1235 1406 1747 2064 2055 2025 2317 2640 2930 3003 3004 3005 1960 1988 2156 2323 2651 
1 4 8 72 187 550 670 1122 1456 1627 1800 1968 2296 2323 2651 
1 2 5 11 78 200 1014 978 1301 1471 1637 1968 2296 2323 2651 
1 3 14 84 209 509 1066 1245 1591 1915 1883 2177 2335 2493 2651 
1 3 15 89 229 1075 1422 1412 1402 1371 1681 1843 2165 2493 2651 
1 2 5 11 78 200 1014 978 1151 1464 1800 1968 2296 2323 2651 
1 3 14 84 210 846 847 848 849 850 318 360 459 781 562 1153 1502 1843 2165 2493 2651 
1 2 5 11 78 200 579 998 1352 1342 1299 1632 1946 2269 2276 2286 2296 2323 2651 
1 4 9 191 996 958 1289 1627 1800 2128 2156 2323 2651 
1 3 16 204 1045 1074 1436 1777 2091 2082 2049 2199 2493 2651 
1 2 6 83 203 1034 1385 1377 1369 1334 1637 1968 2296 2323 2651 
1 3 15 89 229 845 1066 1245 1591 1915 1883 2177 2335 2493 2651 
1 2 5 11 78 200 1014 1006 968 1294 1634 1970 1998 2165 2493 2651 
1 3 15 89 225 867 1263 1599 1563 1721 2019 2177 2335 2493 2651 
1 3 15 89 225 517 1088 1445 1775 1737 1891 2041 2335 2493 2651 
1 3 14 84 210 517 1088 1265 1611 1767 2082 2049 2199 2493 2651 
1 3 16 204 803 1053 1416 1757 2073 2041 2335 2493 2651 
1 2 5 11 79 765 1215 1379 1711 1703 1695 1686 1677 1667 1628 1950 2261 2580 2752 2296 2323 2651 
1 2 5 13 196 998 1352 1314 1625 1951 2276 2286 2296 2323 2651 
1 3 15 89 225 517 1088 1265 1611 1767 2082 2049 2199 2493 2651 
1 3 15 89 229 1075 1422 1412 1402 1393 1363 1671 1998 2165 2493 2651 
1 2 5 11 78 200 1014 978 1151 1464 1800 2128 2138 2165 2493 2651 
1 3 15 89 229 1075 1422 1412 1379 1539 1843 2001 2323 2651 
1 4 9 76 196 998 1352 1342 1299 1632 1946 2269 2276 2286 2296 2323 2651 
1 2 5 12 201 204 1046 1404 1735 1727 1719 1711 1703 1695 1686 1677 1667 1628 1950 2261 2580 2752 2296 2323 2651 
1 2 7 75 192 560 701 1115 1289 1627 1800 2128 2156 2323 2651 
1 2 5 13 195 577 560 701 1115 1289 1627 1960 1988 2156 2323 2651 
1 3 15 88 92 106 112 256 1109 1105 1064 1233 1549 1715 2041 2335 2493 2651 
1 3 14 85 225 867 1077 1434 1765 1755 1721 2019 2177 2335 2493 2651 
1 2 5 11 80 554 1181 1344 1677 1667 1628 1950 2261 2580 2752 2296 2323 2651 
1 3 14 84 209 509 842 1074 1436 1777 2091 2082 2049 2199 2493 2651 
1 3 14 84 211 806 1233 1395 1727 1719 1711 1703 1695 1686 1677 1667 1628 1950 2261 2580 2752 2296 2323 2651 
1 2 5 13 196 554 1181 1344 1677 1667 1628 1950 2261 2580 2752 2296 2323 2651 
1 3 15 88 92 106 112 256 1109 1105 1099 1084 1073 1034 1207 1371 1681 2007 2335 2493 2651 
1 2 5 11 78 198 743 1197 1189 1151 1464 1800 2128 2138 2165 2493 2651 
1 2 5 11 80 741 577 715 1120 1294 1464 1800 2128 2156 2323 2651 
1 3 14 86 803 1235 1406 1747 2064 2033 2326 2649 2936 3008 3009 3010 1970 1998 2165 2493 2651 
1 2 5 13 195 577 560 701 1115 1461 1802 1830 1998 2165 2493 2651 
1 3 14 84 209 509 842 1255 1601 1924 1891 2041 2335 2493 2651 
1 2 5 11 78 200 1014 1006 996 958 1289 1627 1800 1968 2296 2323 2651 
1 2 6 83 782 1226 1571 1897 1867 2159 2317 2640 2930 3003 3004 3005 1960 1988 2156 2323 2651 
1 2 6 81 208 785 1036 1395 1727 1719 1711 1703 1695 1686 1677 1667 1628 1950 2261 2580 2752 2296 2323 2651 
1 2 5 11 78 200 579 1189 1151 1464 1800 2128 2156 2323 2651 
1 2 5 11 79 765 1215 1553 1545 1537 1529 1520 1511 1501 1462 1792 1950 2261 2580 2752 2296 2323 2651 
1 2 6 81 206 805 1067 1068 1069 1070 873 360 459 781 562 1153 1502 1843 2165 2493 2651 
1 2 5 13 195 577 560 701 1115 1461 1634 1810 2138 2165 2493 2651 
1 3 14 84 210 846 847 848 849 850 318 416 501 191 970 1333 1681 1843 2001 2323 2651 
1 2 5 11 78 200 990 1354 1686 1677 1667 1628 1950 2261 2580 2752 2296 2323 2651 
1 2 6 81 206 806 1046 1404 1735 1727 1719 1711 1703 1695 1686 1677 1667 1628 1950 2261 2580 2752 2296 2323 2651 
1 3 16 205 1032 1022 1014 978 1301 1471 1637 1968 2296 2323 2651 
1 3 16 204 1046 1404 1735 1727 1719 1711 1703 1695 1686 1677 1667 1628 1950 2261 2580 2752 2296 2323 2651 
1 2 6 83 782 1226 1571 1729 2047 2017 2307 2631 2924 2998 2999 3000 1953 1960 1988 2156 2323 2651 
1 3 15 87 113 123 239 911 1281 1615 1581 1737 2035 2357 2651 
1 2 6 81 208 785 1036 1217 1563 1889 1859 2008 2297 2621 2917 2993 2994 2995 1948 1968 2296 2323 2651 
1 2 5 11 80 741 545 1127 1482 1658 1830 1998 2165 2493 2651 
1 3 14 85 225 867 1263 1599 1589 1555 1861 2019 2177 2335 2493 2651 
1 3 14 84 209 509 842 1074 1436 1777 2091 2082 2073 2041 2335 2493 2651 
1 2 6 81 207 826 827 828 829 830 315 355 456 761 552 1143 1492 1668 2001 2323 2651 
1 3 14 84 210 846 847 848 849 850 318 416 501 191 970 1333 1681 2007 2335 2493 2651 
1 3 14 86 208 1044 1393 1385 1354 1661 1988 2156 2323 2651 
1 3 14 84 210 846 847 848 849 850 318 416 501 191 970 1153 1502 1843 2001 2323 2651 
1 3 15 89 225 517 1088 1265 1611 1933 1924 1891 2041 2335 2493 2651 
1 2 7 75 194 189 535 923 1291 1468 1648 1820 1988 2156 2323 2651 
1 2 5 12 201 204 803 1235 1581 1906 1875 2168 2326 2649 2936 3008 3009 3010 1970 1998 2165 2493 2651 
1 3 14 84 211 1054 1402 1393 1363 1671 1833 2156 2323 2651 
1 3 14 85 225 517 1088 1445 1601 1924 1891 2041 2335 2493 2651 
1 2 5 12 201 784 842 1255 1601 1924 1891 2041 2335 2493 2651 
1 3 15 88 92 106 112 256 915 1279 1273 1233 1549 1883 2177 2335 2493 2651 
1 3 16 204 803 1235 1581 1906 1875 2168 2326 2649 2936 3008 3009 3010 1970 1998 2165 2493 2651 
1 2 6 83 203 765 1215 1379 1711 1703 1695 1686 1677 1667 1628 1950 2261 2580 2752 2296 2323 2651 
1 2 5 11 79 765 1026 1209 1555 1881 1850 2139 2297 2621 2917 2993 2994 2995 1948 1968 2296 2323 2651 
1 4 9 191 996 958 1289 1627 1960 1988 2156 2323 2651 
1 2 5 11 78 198 489 581 1010 1371 1703 1695 1686 1677 1667 1628 1950 2261 2580 2752 2296 2323 2651 
1 2 5 12 201 784 1057 1058 1059 1060 851 355 456 761 552 1143 1492 1668 2001 2323 2651 
1 3 14 84 210 517 886 1277 1617 1939 1933 1899 2049 2199 2493 2651 
1 3 15 89 228 890 891 892 893 894 324 426 508 200 990 1173 1346 1687 2019 2177 2335 2493 2651 
1 2 6 81 206 506 1056 1235 1581 1906 1897 1867 2159 2317 2640 2930 3003 3004 3005 1960 1988 2156 2323 2651 
1 3 14 86 208 785 1036 1217 1563 1889 1859 2149 2473 2621 2917 2993 2994 2995 1948 1968 2296 2323 2651 
1 3 15 87 113 121 129 250 1107 1449 1414 1571 1729 1883 2177 2335 2493 2651 
1 3 15 88 92 106 112 256 1109 1075 1243 1404 1715 2041 2335 2493 2651 
1 2 5 11 78 198 743 1197 1189 1151 1464 1800 2128 2156 2323 2651 
1 3 14 86 804 1222 1191 1505 1840 2007 2335 2493 2651 
1 3 15 87 113 123 239 911 1281 1615 1609 1571 1877 2199 2493 2651 
1 2 7 76 196 554 990 1354 1686 1677 1667 1628 1950 2261 2580 2752 2296 2323 2651 
1 3 14 85 225 867 1077 1255 1601 1924 1891 2041 2335 2493 2651 
1 3 16 205 763 1205 1197 1161 1471 1637 1968 2296 2323 2651 
1 2 5 13 197 478 935 1127 1301 1648 1820 1988 2156 2323 2651 
1 3 15 88 92 106 112 256 1109 1105 1099 1084 1044 1215 1379 1539 1843 2165 2493 2651 
1 2 5 12 201 204 1045 1074 1436 1777 2091 2082 2049 2199 2493 2651 
1 2 5 11 80 554 990 1354 1686 1677 1667 1628 1950 2261 2580 2752 2296 2323 2651 
1 3 16 205 763 1205 1171 1334 1637 1968 2296 2323 2651 
1 3 14 84 210 517 1088 1445 1775 1737 2035 2357 2651 
1 3 14 85 225 867 1263 1424 1755 1745 1735 1705 2001 2323 2651 
1 3 16 205 1032 998 1326 1668 1840 2007 2335 2493 2651 
1 3 16 205 1032 998 1171 1485 1820 1988 2156 2323 2651 
1 3 15 89 229 1075 1422 1412 1402 1371 1681 2007 2335 2493 2651 
1 3 15 89 229 845 1253 1589 1555 1861 2019 2177 2335 2493 2651 
1 3 15 88 92 106 112 256 915 1279 1243 1404 1715 2041 2335 2493 2651 
1 2 6 81 207 514 1077 1434 1591 1915 1883 2177 2335 2493 2651 
1 3 15 88 92 106 112 256 1109 1075 1397 1565 1899 2049 2199 2493 2651 
1 2 5 11 80 741 545 1127 1301 1648 1980 2007 2335 2493 2651 
1 3 15 87 115 236 1086 1432 1422 1412 1379 1539 1843 2001 2323 2651 
1 3 15 88 92 106 112 256 1109 1105 1099 1084 1073 1062 1024 1199 1515 1849 2177 2335 2493 2651 
1 3 15 87 113 123 243 1101 1443 1404 1715 1877 2199 2493 2651 
1 3 15 88 92 106 112 256 1109 1105 1099 1084 1073 1062 1052 1042 1032 998 1171 1485 1820 1988 2156 2323 2651 
1 4 8 72 187 550 670 1122 1456 1795 1820 1988 2156 2323 2651 
1 2 5 11 78 198 743 1008 1361 1324 1630 1958 2286 2296 2323 2651 
1 2 5 12 203 765 1215 1553 1545 1537 1529 1520 1511 1469 1628 1950 2261 2580 2752 2296 2323 2651 
1 3 14 84 209 825 1243 1579 1569 1539 1843 2165 2493 2651 
1 2 5 11 78 198 489 1016 1191 1529 1520 1511 1469 1628 1950 2261 2580 2752 2296 2323 2651 
1 3 15 89 225 517 1088 1445 1775 1737 2035 2357 2651 
1 3 15 88 92 106 112 256 1109 1105 1099 1084 1073 1062 1024 1199 1515 1681 1843 2165 2493 2651 
1 2 6 81 207 514 864 1265 1611 1933 1924 1891 2041 2335 2493 2651 
1 3 16 83 782 1226 1571 1729 2047 2017 2307 2631 2924 2998 2999 3000 1953 1960 1988 2156 2323 2651 
1 3 14 84 211 1054 1402 1371 1531 1833 2156 2323 2651 
1 3 14 86 208 785 1224 1561 1531 1833 2156 2323 2651 
1 3 15 88 92 106 112 256 1109 1105 1099 1054 1381 1721 2019 2177 2335 2493 2651 
1 2 6 81 208 785 1036 1217 1563 1889 1881 1850 2139 2297 2621 2917 2993 2994 2995 1948 1968 2296 2323 2651 
1 3 14 86 208 785 1036 1395 1727 1719 1711 1703 1695 1686 1677 1667 1628 1950 2261 2580 2752 2296 2323 2651 
1 3 15 88 92 106 112 256 1109 1105 1064 1233 1395 1555 1861 2019 2177 2335 2493 2651 
1 3 14 86 208 1044 1393 1385 1377 1369 1334 1637 1968 2296 2323 2651 
1 2 6 83 203 765 1215 1553 1545 1537 1529 1520 1511 1469 1628 1950 2261 2580 2752 2296 2323 2651 
1 2 6 83 783 1213 1205 1171 1485 1820 1988 2156 2323 2651 
1 2 5 11 80 741 577 715 1120 1468 1648 1820 1988 2156 2323 2651 
1 2 5 11 78 200 579 998 1352 1314 1625 1951 2276 2286 2296 2323 2651 
1 3 14 84 211 806 1233 1569 1539 1843 2001 2323 2651 
1 4 8 72 187 550 670 1122 1456 1627 1800 2128 2156 2323 2651 
1 3 15 88 92 106 112 256 1109 1105 1099 1084 1073 1062 1052 1042 1032 998 1326 1668 1840 2007 2335 2493 2651 
1 3 14 84 210 517 886 1277 1617 1777 2091 2057 2207 2357 2651 
1 3 15 88 92 106 112 256 915 1279 1273 1233 1549 1715 1877 2035 2357 2651 
1 3 15 88 92 106 112 256 1109 1105 1099 1084 1044 1215 1379 1539 1843 2001 2323 2651 
1 3 15 89 229 1074 1436 1777 2091 2082 2049 2199 2493 2651 
1 2 5 13 197 478 935 1313 1661 1988 2156 2323 2651 
1 3 15 88 92 106 112 256 1109 1105 1099 1084 1073 1062 1052 1016 1346 1515 1681 2007 2335 2493 2651 
1 4 8 72 189 535 923 1291 1637 1968 2296 2323 2651 
1 4 9 191 996 958 1125 1466 1788 2111 2118 2128 2156 2323 2651 
1 2 7 75 192 560 701 1115 1461 1634 1810 2138 2165 2493 2651 
1 3 14 84 210 846 847 848 849 850 318 360 459 781 562 1153 1326 1668 2001 2323 2651 
1 2 5 11 78 200 1014 978 1301 1471 1810 2138 2165 2493 2651 
1 2 5 12 201 784 842 1255 1601 1924 1915 1883 2177 2335 2493 2651 
1 3 15 88 92 106 112 256 1109 1105 1064 1233 1549 1883 2177 2335 2493 2651 
1 3 16 205 1010 1371 1703 1695 1686 1677 1667 1628 1950 2261 2580 2752 2296 2323 2651 
1 3 14 84 211 1053 1416 1757 2073 2041 2335 2493 2651 
1 3 15 88 92 106 112 256 1109 1105 1099 1084 1073 1062 1024 1199 1515 1681 1843 2001 2323 2651 
1 2 6 82 213 845 1253 1589 1579 1569 1539 1843 2001 2323 2651 
1 4 8 73 193 576 980 1344 1677 1667 1628 1950 2261 2580 2752 2296 2323 2651 
1 2 7 75 194 189 535 923 1291 1637 1968 2296 2323 2651 
1 3 15 87 113 121 129 250 1107 1449 1443 1404 1715 1877 2199 2493 2651 
1 4 9 76 562 1179 1141 1459 1793 1958 2286 2296 2323 2651 
1 3 15 88 92 106 112 256 1109 1075 1397 1737 1891 2041 2335 2493 2651 
1 2 5 11 78 198 743 1197 1161 1471 1637 1968 2296 2323 2651 
1 3 14 84 211 806 1233 1569 1561 1531 1833 2156 2323 2651 
1 2 5 13 195 577 715 1120 1468 1648 1820 1988 2156 2323 2651 
1 3 15 89 225 517 1088 1445 1775 1765 1729 1883 2177 2335 2493 2651 
1 2 6 81 208 785 1036 1217 1389 1729 2047 2017 2307 2631 2924 2998 2999 3000 1953 1960 1988 2156 2323 2651 
1 2 7 75 193 576 980 1344 1677 1667 1628 1950 2261 2580 2752 2296 2323 2651 
1 3 14 85 223 230 239 911 1281 1615 1609 1571 1877 2199 2493 2651 
1 3 14 84 210 517 1088 1265 1611 1933 1924 1891 2041 2335 2493 2651 
1 3 15 89 225 517 1088 1265 1611 1933 1899 2049 2199 2493 2651 
1 2 6 82 85 225 867 1263 1599 1563 1721 2019 2177 2335 2493 2651 
1 3 15 87 113 121 129 250 1107 1449 1443 1404 1715 2041 2335 2493 2651 
1 3 15 89 229 845 1253 1589 1579 1569 1539 1843 2001 2323 2651 
1 3 16 83 783 1213 1181 1495 1661 1988 2156 2323 2651 
1 3 15 88 92 106 112 256 1109 1075 1243 1404 1715 1877 2035 2357 2651 
1 3 14 84 210 846 847 848 849 850 318 360 459 781 562 1153 1502 1843 2001 2323 2651 
1 3 14 86 804 1222 1213 1205 1171 1485 1820 1988 2156 2323 2651 
1 2 7 75 192 560 701 1115 1289 1627 1960 1988 2156 2323 2651 
1 3 15 89 229 845 1066 1424 1755 1721 2019 2177 2335 2493 2651 
1 3 15 88 92 106 112 256 1109 1105 1099 1084 1073 1034 1365 1705 2001 2323 2651 
1 3 14 84 210 846 847 848 849 850 318 416 501 495 482 960 1323 1502 1843 2165 2493 2651 
1 2 6 81 207 514 864 1265 1611 1933 1899 2049 2199 2493 2651 
1 2 5 12 201 785 1036 1217 1563 1889 1881 1850 2139 2297 2621 2917 2993 2994 2995 1948 1968 2296 2323 2651 
1 3 16 83 783 1024 1377 1369 1361 1324 1630 1958 2286 2296 2323 2651 
1 2 6 83 203 1033 1397 1737 2055 2025 2317 2640 2930 3003 3004 3005 1960 1988 2156 2323 2651 
1 2 5 13 195 191 996 958 1289 1627 1960 1988 2156 2323 2651 
1 3 14 84 209 825 1243 1404 1735 1727 1719 1711 1703 1695 1686 1677 1667 1628 1950 2261 2580 2752 2296 2323 2651 
1 2 5 11 78 200 1014 1006 968 1294 1464 1800 1968 2296 2323 2651 
1 2 6 83 782 1043 1406 1747 2064 2033 2326 2649 2936 3008 3009 3010 1970 1998 2165 2493 2651 
1 3 15 89 225 867 1263 1599 1589 1555 1861 2019 2177 2335 2493 2651 
1 3 14 84 210 517 1088 1445 1775 1737 1891 2041 2335 2493 2651 
1 3 14 84 210 511 868 869 870 871 872 321 422 505 487 562 1153 1326 1668 2001 2323 2651 
1 2 6 81 207 514 1077 1434 1765 1729 1883 2177 2335 2493 2651 
1 2 6 82 213 845 1253 1589 1555 1861 2019 2177 2335 2493 2651 
1 2 7 75 192 560 701 1115 1289 1627 1800 1968 2296 2323 2651 
1 2 5 13 197 478 935 1313 1492 1833 2156 2323 2651 
1 3 14 84 209 509 842 1255 1601 1757 2073 2041 2335 2493 2651 
1 2 5 12 201 204 1046 1404 1735 1705 2001 2323 2651 
1 3 16 205 763 1205 1171 1485 1820 1988 2156 2323 2651 
1 2 6 83 203 765 1026 1387 1719 1711 1703 1695 1686 1677 1667 1628 1950 2261 2580 2752 2296 2323 2651 
1 3 14 84 210 846 847 848 849 850 318 360 459 781 761 552 1143 1492 1668 2001 2323 2651 
1 3 14 84 209 509 842 1255 1426 1767 2082 2049 2199 2493 2651 
1 3 14 84 209 824 886 1277 1617 1939 1908 2057 2207 2357 2651 
1 3 15 87 115 236 1086 1253 1589 1555 1861 2019 2177 2335 2493 2651 
1 2 6 81 208 1044 1393 1363 1671 1833 2156 2323 2651 
1 3 14 86 208 785 1036 1217 1563 1889 1859 2149 2473 2787 2907 2908 2909 1795 1820 1988 2156 2323 2651 
1 3 14 86 804 1222 1191 1505 1671 1833 2156 2323 2651 
1 3 14 84 210 517 1088 1265 1611 1933 1899 2049 2199 2493 2651 
1 3 16 83 203 1033 1397 1737 2055 2025 2317 2640 2930 3003 3004 3005 1960 1988 2156 2323 2651 
1 3 16 204 803 1235 1581 1906 1875 2168 2491 2805 2921 2922 2923 1812 1840 2007 2335 2493 2651 
1 3 14 84 211 1054 1224 1561 1531 1833 2156 2323 2651 
1 3 14 86 208 1043 1406 1747 2064 2033 2326 2649 2936 3008 3009 3010 1970 1998 2165 2493 2651 
1 3 14 84 211 1054 1402 1393 1385 1354 1661 1988 2156 2323 2651 
1 3 15 89 229 1075 1422 1412 1379 1539 1843 2165 2493 2651 
1 3 15 89 229 1075 1243 1579 1547 1705 2001 2323 2651 
1 3 15 87 113 121 129 250 1107 1449 1443 1432 1395 1555 1861 2019 2177 2335 2493 2651 
1 3 15 88 92 106 112 256 1109 1105 1099 1084 1073 1062 1052 1042 1008 1336 1678 1849 2177 2335 2493 2651 
1 3 14 86 803 1235 1581 1906 1897 1867 2159 2482 2796 2914 2915 2916 1802 1830 1998 2165 2493 2651 
1 3 15 89 225 517 886 1277 1617 1939 1933 1899 2049 2199 2493 2651 
1 3 14 84 209 825 1243 1404 1735 1705 2001 2323 2651 
1 3 15 88 92 106 112 256 915 1279 1273 1261 1251 1241 1231 1199 1515 1681 1843 2001 2323 2651 
1 2 6 82 212 215 219 222 918 1283 1279 1273 1261 1251 1215 1533 1699 1861 2019 2177 2335 2493 2651 
1 3 15 88 92 106 112 256 915 1279 1273 1233 1395 1555 1861 2019 2177 2335 2493 2651 
1 4 8 72 187 550 670 1122 1456 1627 1960 1988 2156 2323 2651 
1 2 6 81 208 785 1036 1217 1563 1889 1859 2149 2473 2787 2907 2908 2909 1795 1820 1988 2156 2323 2651 
1 3 14 85 223 232 889 1275 1609 1599 1563 1721 2019 2177 2335 2493 2651 
1 2 5 11 78 198 489 1016 1191 1529 1520 1511 1501 1462 1792 2103 2422 2594 2138 2165 2493 2651 
1 2 6 82 85 223 232 889 1275 1609 1599 1563 1721 2019 2177 2335 2493 2651 
1 4 9 76 562 1179 1141 1459 1793 2118 2128 2156 2323 2651 
1 2 5 12 201 785 1036 1395 1727 1719 1711 1703 1695 1686 1677 1667 1628 1950 2261 2580 2752 2296 2323 2651 
1 2 5 12 201 784 1057 1058 1059 1060 851 355 456 761 552 1143 1492 1668 1840 2007 2335 2493 2651 
1 2 6 81 206 805 1067 1068 1069 1070 873 360 459 781 562 1153 1326 1668 2001 2323 2651 
1 2 5 11 80 741 577 715 1120 1294 1464 1800 1968 2296 2323 2651 
1 2 5 11 80 487 1006 968 1294 1634 1970 1998 2165 2493 2651 
1 3 15 88 92 106 112 256 1109 1105 1099 1084 1073 1062 1052 1042 1008 1336 1505 1840 2007 2335 2493 2651 
1 3 14 84 210 846 847 848 849 850 318 360 459 781 562 1153 1326 1495 1830 1998 2165 2493 2651 
1 2 5 13 196 998 1352 1342 1299 1632 1946 2269 2276 2286 2296 2323 2651 
1 3 15 89 225 867 1077 1255 1601 1757 2073 2041 2335 2493 2651 
1 2 6 82 213 514 864 1265 1611 1933 1899 2049 2199 2493 2651 
1 2 7 76 196 998 1171 1511 1469 1628 1950 2261 2580 2752 2296 2323 2651 
1 3 14 85 223 232 889 1275 1609 1571 1877 2035 2357 2651 
1 3 16 205 1032 1022 988 1316 1485 1820 1988 2156 2323 2651 
1 3 14 84 209 825 1243 1579 1569 1561 1531 1833 2156 2323 2651 
1 3 14 84 209 825 1056 1235 1581 1906 1875 2025 2317 2640 2930 3003 3004 3005 1960 1988 2156 2323 2651 
1 2 7 76 196 998 1352 1314 1625 1951 2276 2286 2296 2323 2651 
1 3 16 205 1032 1022 1014 978 1301 1471 1810 2138 2165 2493 2651 
1 2 5 11 78 198 743 1197 1161 1324 1630 1958 2286 2296 2323 2651 
1 3 15 88 92 106 112 256 915 1279 1243 1557 1723 1885 2207 2357 2651 
1 3 15 87 113 121 129 250 1107 1449 1414 1723 2049 2199 2493 2651 
1 2 6 81 208 1043 1406 1747 2064 2033 2326 2649 2936 3008 3009 3010 1970 1998 2165 2493 2651 
1 2 6 81 208 1043 1406 1747 2064 2055 2025 2317 2640 2930 3003 3004 3005 1960 1988 2156 2323 2651 
1 4 8 72 189 535 923 1291 1468 1648 1820 1988 2156 2323 2651 
1 3 14 84 211 1054 1402 1371 1681 2007 2335 2493 2651 
1 3 15 87 115 232 889 1275 1609 1571 1877 2199 2493 2651 
1 2 5 11 78 198 489 581 1199 1537 1529 1520 1511 1469 1628 1950 2261 2580 2752 2296 2323 2651 
1 2 5 12 201 785 1036 1217 1563 1889 1859 2149 2473 2787 2907 2908 2909 1795 1820 1988 2156 2323 2651 
1 3 14 84 209 509 842 1074 1436 1777 2091 2057 2207 2357 2651 
1 2 5 12 203 1034 1385 1354 1661 1988 2156 2323 2651 
1 3 14 84 210 846 847 848 849 850 318 416 501 495 482 960 1323 1671 1998 2165 2493 2651 
1 3 16 83 203 1034 1385 1377 1369 1334 1637 1968 2296 2323 2651 
1 2 6 83 783 1213 1181 1495 1661 1988 2156 2323 2651 
1 2 5 12 202 207 514 1077 1434 1765 1729 1883 2177 2335 2493 2651 
1 2 6 81 206 805 824 886 1277 1617 1939 1933 1899 2049 2199 2493 2651 
1 3 15 88 92 106 112 256 1109 1105 1099 1084 1073 1062 1052 1042 1032 998 1326 1668 2001 2323 2651 
1 2 5 11 78 199 762 1217 1563 1889 1859 2008 2297 2621 2917 2993 2994 2995 1948 1968 2296 2323 2651 
1 3 14 85 225 867 1077 1434 1591 1915 1883 2177 2335 2493 2651 
1 2 6 81 206 806 1046 1226 1571 1897 1867 2159 2317 2640 2930 3003 3004 3005 1960 1988 2156 2323 2651 
1 2 5 12 203 1034 1207 1545 1537 1529 1520 1511 1469 1628 1950 2261 2580 2752 2296 2323 2651 
1 3 14 85 225 867 1077 1255 1601 1924 1915 1883 2177 2335 2493 2651 
1 2 6 81 206 805 864 1265 1611 1933 1899 2049 2199 2493 2651 
1 3 14 84 210 846 847 848 849 850 318 416 501 495 482 960 1323 1502 1843 2001 2323 2651 
1 3 16 204 1045 1074 1436 1777 2091 2057 2207 2357 2651 
1 3 15 88 92 106 112 256 1109 1075 1243 1557 1723 1885 2207 2357 2651 
1 3 14 86 804 1034 1385 1354 1661 1988 2156 2323 2651 
1 2 5 12 203 1033 1397 1737 2055 2025 2317 2640 2930 3003 3004 3005 1960 1988 2156 2323 2651 
1 2 5 11 78 198 489 1016 1191 1529 1520 1511 1501 1462 1792 1950 2261 2580 2752 2296 2323 2651 
1 3 14 85 223 230 239 911 1281 1615 1581 1885 2207 2357 2651 
1 2 7 76 562 1179 1141 1459 1793 1958 2286 2296 2323 2651 
1 2 5 11 80 487 562 1179 1141 1459 1793 1958 2286 2296 2323 2651 
1 2 5 11 78 200 1014 978 1301 1648 1980 2007 2335 2493 2651 
1 3 14 86 208 785 1036 1217 1563 1889 1881 1850 2139 2297 2621 2917 2993 2994 2995 1948 1968 2296 2323 2651 
1 3 14 84 209 824 886 1277 1617 1777 2091 2057 2207 2357 2651 
1 2 6 81 206 806 1233 1569 1539 1843 2165 2493 2651 
1 4 8 73 193 988 1342 1299 1632 1946 2269 2276 2286 2296 2323 2651 
1 2 5 12 203 1034 1385 1377 1369 1334 1637 1968 2296 2323 2651 
1 3 15 87 113 121 129 250 1107 1449 1414 1723 1885 2207 2357 2651 
1 3 16 83 783 1024 1377 1369 1334 1637 1968 2296 2323 2651 
1 3 15 87 115 236 867 1263 1599 1589 1555 1861 2019 2177 2335 2493 2651 
1 3 16 205 1032 1022 1014 978 1301 1648 1820 1988 2156 2323 2651 
1 3 15 89 229 1075 1243 1579 1569 1561 1531 1833 2156 2323 2651 
1 3 14 85 223 232 889 1275 1609 1599 1589 1555 1861 2019 2177 2335 2493 2651 
1 2 5 13 197 194 541 928 1120 1468 1812 1840 2007 2335 2493 2651 
1 3 14 84 209 509 842 1255 1601 1924 1915 1883 2177 2335 2493 2651 
1 3 15 89 228 890 891 892 893 894 324 426 508 200 990 1173 1346 1515 1681 1843 2165 2493 2651 
1 2 7 76 562 1179 1141 1459 1793 2118 2128 2156 2323 2651 
