1 4 10 19 21 25 42 142 145 259 924 1285 1624 1629 1658 1830 1998 2165 2493 2651 
1 2 5 13 197 555 556 557 274 276 278 280 283 319 370 423 463 211 806 1046 1226 1397 1565 1731 2057 2207 2357 2651 
1 2 5 13 197 555 556 557 274 276 279 314 317 372 430 467 229 845 1253 1414 1571 1877 2199 2493 2651 
1 3 15 87 113 123 243 1101 1416 1757 2073 2041 2335 2493 2651 
1 4 9 190 1009 1210 1211 904 905 906 884 862 840 820 608 619 633 645 150 530 923 1291 1468 1648 1820 1988 2156 2323 2651 
1 2 7 77 180 542 935 1127 1482 1658 1830 1998 2165 2493 2651 
1 3 16 205 1010 1193 1365 1705 2001 2323 2651 
1 3 16 83 203 765 1026 1209 1381 1721 1875 2025 2317 2640 2930 3003 3004 3005 1960 1988 2156 2323 2651 
1 4 8 74 155 535 670 1122 1296 1466 1632 1946 2269 2276 2286 2296 2323 2651 
1 2 6 81 206 506 822 1245 1416 1583 1749 2075 2389 2357 2651 
1 4 10 19 21 25 42 143 923 1115 1289 1627 1800 2128 2156 2323 2651 
1 2 5 11 78 198 743 1173 1346 1515 1681 1843 2001 2323 2651 
1 4 9 191 552 978 1151 1464 1630 1958 2286 2296 2323 2651 
1 4 10 18 155 536 928 1120 1294 1464 1800 1968 2296 2323 2651 
1 3 15 88 92 106 112 222 254 916 1108 1282 1452 1786 1941 2093 2407 2398 2389 2357 2651 
1 4 8 72 187 478 935 1313 1661 1988 2156 2323 2651 
1 2 7 77 181 182 186 142 145 919 1289 1627 1800 1968 2296 2323 2651 
1 4 10 18 156 542 935 1313 1660 1670 1680 1704 2035 2357 2651 
1 4 9 76 196 554 990 1173 1521 1861 2019 2177 2335 2493 2651 
1 3 14 84 209 509 1066 1245 1416 1583 1749 2075 2389 2357 2651 
1 2 5 13 197 555 556 557 274 276 279 313 360 16 83 203 765 1026 1209 1381 1549 1715 2041 2335 2493 2651 
1 2 7 75 192 482 545 968 1141 1299 1632 1946 2269 2276 2286 2296 2323 2651 
1 3 14 84 209 509 842 1255 1426 1767 1917 2231 2199 2493 2651 
1 3 15 89 229 1075 1243 1557 1723 2049 2199 2493 2651 
1 2 7 77 180 541 928 1120 1294 1464 1630 1958 2286 2296 2323 2651 
1 4 9 190 1009 1210 1211 904 905 906 884 862 840 820 608 619 633 645 150 530 1117 1298 1482 1658 1830 1998 2165 2493 2651 
1 2 5 13 195 577 715 1120 1294 1464 1800 1968 2296 2323 2651 
1 3 16 205 1032 1196 1129 683 688 692 693 398 322 375 427 465 512 825 1056 1235 1581 1737 1891 2041 2335 2493 2651 
1 3 15 89 225 867 1077 1434 1591 1747 1899 2049 2199 2493 2651 
1 2 5 12 202 807 808 809 810 789 790 791 342 9 76 196 554 990 1173 1521 1861 2019 2177 2335 2493 2651 
1 3 14 84 209 825 1056 1413 1759 2084 2398 2389 2357 2651 
1 2 5 11 78 199 1026 1209 1381 1549 1715 1877 2035 2357 2651 
1 2 7 75 193 576 980 1163 1336 1505 1840 2007 2335 2493 2651 
1 4 8 72 188 559 970 1153 1502 1843 2001 2323 2651 
1 4 10 18 156 542 935 1127 1301 1648 1980 2007 2335 2493 2651 
1 2 6 81 206 806 1046 1226 1397 1565 1899 2049 2199 2493 2651 
1 2 5 12 201 784 1057 1058 1059 1060 1050 1040 1030 791 342 9 76 196 554 990 1173 1346 1515 1681 1843 2001 2323 2651 
1 2 5 12 202 807 808 809 810 789 790 791 342 9 76 196 554 990 1173 1346 1687 2019 2177 2335 2493 2651 
1 2 5 12 202 207 210 517 1088 1265 1436 1777 1926 2075 2389 2357 2651 
1 2 5 12 203 765 1026 1209 1381 1549 1715 2041 2335 2493 2651 
1 3 14 86 208 785 1036 1217 1389 1557 1891 2041 2335 2493 2651 
1 4 8 72 187 549 960 1143 1316 1485 1820 1988 2156 2323 2651 
1 2 6 83 203 765 1026 1209 1381 1721 2019 2177 2335 2493 2651 
1 4 10 18 155 536 1124 1485 1820 1988 2156 2323 2651 
1 4 10 19 21 25 42 142 257 1115 1289 1627 1960 1988 2156 2323 2651 
1 3 15 89 229 1075 1422 1568 1392 761 552 1143 1492 1833 2156 2323 2651 
1 3 15 87 113 123 243 889 1275 1434 1591 1747 1899 2049 2199 2493 2651 
1 4 10 18 155 536 1124 1313 1660 1687 2019 2177 2335 2493 2651 
1 4 10 18 156 542 935 1313 1492 1668 2001 2323 2651 
1 2 6 81 207 514 1077 1255 1426 1593 1759 2084 2398 2389 2357 2651 
1 4 8 74 155 536 928 1120 1294 1634 1810 2138 2165 2493 2651 
1 2 5 12 201 784 842 1255 1426 1593 1759 2084 2398 2389 2357 2651 
1 3 14 85 225 867 1263 1424 1581 1737 1891 2041 2335 2493 2651 
1 2 7 75 192 482 545 968 1294 1634 1810 2138 2165 2493 2651 
1 3 15 89 225 867 1077 1255 1426 1767 2082 2049 2199 2493 2651 
1 4 10 17 43 52 150 530 1117 1298 1482 1658 1830 1998 2165 2493 2651 
1 3 16 204 803 1053 1242 1593 1926 2075 2389 2357 2651 
1 4 10 18 156 958 1289 1627 1800 2128 2156 2323 2651 
1 3 16 205 1010 1193 1365 1533 1699 1861 2019 2177 2335 2493 2651 
1 3 15 88 92 106 112 256 915 1255 1426 1593 1926 2075 2389 2357 2651 
1 2 5 12 202 807 808 809 810 789 769 770 771 339 443 73 193 576 980 1343 1521 1861 2019 2177 2335 2493 2651 
1 3 15 87 115 236 867 1077 1434 1765 1729 1883 2177 2335 2493 2651 
1 2 7 75 194 541 928 1120 1468 1648 1820 1988 2156 2323 2651 
1 4 10 17 43 52 150 925 1301 1648 1820 1988 2156 2323 2651 
1 2 7 77 180 541 928 1120 1294 1464 1800 1968 2296 2323 2651 
1 4 8 72 187 550 543 667 1116 1290 1460 1626 1945 2264 2269 2276 2286 2296 2323 2651 
1 2 6 82 213 845 1253 1565 1731 2057 2207 2357 2651 
1 2 5 11 78 200 990 1173 1346 1515 1681 2007 2335 2493 2651 
1 2 5 11 80 487 980 1163 1336 1505 1671 1833 2156 2323 2651 
1 2 7 77 180 542 935 1313 1661 1988 2156 2323 2651 
1 2 5 13 197 555 556 557 274 276 278 280 283 319 370 423 463 211 806 1046 1226 1397 1737 1891 2041 2335 2493 2651 
1 2 7 77 180 542 1141 1459 1793 2118 2128 2156 2323 2651 
1 3 15 89 225 867 1077 1255 1426 1767 1917 2231 2199 2493 2651 
1 2 6 81 206 506 822 1063 1252 1603 1935 2084 2398 2389 2357 2651 
1 4 8 72 187 478 935 1127 1301 1648 1980 2007 2335 2493 2651 
1 2 6 82 213 845 1066 1424 1581 1737 1891 2041 2335 2493 2651 
1 2 5 12 201 785 1036 1217 1389 1557 1723 2049 2199 2493 2651 
1 2 5 12 201 785 1036 1217 1389 1557 1723 1885 2207 2357 2651 
1 3 14 86 804 1222 1376 1318 1145 758 612 617 630 643 663 1120 1468 1648 1820 1988 2156 2323 2651 
1 4 10 18 155 536 928 1120 1468 1648 1820 1988 2156 2323 2651 
1 4 10 19 21 25 42 142 145 259 924 1285 1456 1627 1800 2128 2156 2323 2651 
1 4 10 19 21 25 42 143 663 925 1124 1485 1820 1988 2156 2323 2651 
1 3 15 88 92 106 112 222 254 916 1108 1282 1452 1786 2101 2097 2091 2057 2207 2357 2651 
1 3 14 84 209 825 1243 1557 1723 1885 2207 2357 2651 
1 2 5 12 202 807 808 809 810 811 812 814 775 659 479 967 1160 1515 1681 1843 2001 2323 2651 
1 3 14 84 209 825 1056 1235 1406 1747 1899 2049 2199 2493 2651 
1 3 15 87 113 123 243 889 1088 1265 1436 1777 1926 2240 2207 2357 2651 
1 4 9 190 1009 1210 1211 904 852 832 813 773 441 478 935 1313 1492 1833 2156 2323 2651 
1 3 16 204 1046 1226 1571 1877 2035 2357 2651 
1 3 15 89 225 867 1263 1424 1581 1737 1891 2041 2335 2493 2651 
1 2 6 83 203 765 1026 1209 1381 1549 1715 1877 2199 2493 2651 
1 4 10 19 21 25 42 143 923 1291 1637 1968 2296 2323 2651 
1 3 15 89 229 1074 1436 1603 1769 2093 2407 2398 2389 2357 2651 
1 3 15 89 229 1075 1243 1557 1723 1885 2207 2357 2651 
1 2 5 11 78 200 990 1173 1346 1515 1681 1843 2165 2493 2651 
1 4 8 74 158 152 529 667 1116 1290 1460 1626 1792 1950 2261 2580 2752 2296 2323 2651 
1 2 5 13 197 555 556 557 274 277 312 362 423 463 211 806 1046 1226 1571 1877 2035 2357 2651 
1 2 5 11 80 554 990 1173 1346 1515 1849 2177 2335 2493 2651 
1 3 14 86 208 785 1036 1217 1563 1721 2019 2177 2335 2493 2651 
1 2 5 13 197 555 556 557 274 276 278 281 316 365 417 86 208 785 1036 1395 1555 1861 2019 2177 2335 2493 2651 
1 2 5 11 78 200 1014 1176 1177 1178 1005 678 278 280 283 321 365 417 86 208 785 1036 1395 1555 1861 2019 2177 2335 2493 2651 
1 2 5 11 78 200 1014 1176 1177 1178 1005 678 278 280 283 321 365 417 86 208 785 1036 1217 1563 1721 2019 2177 2335 2493 2651 
1 2 5 11 79 764 822 1245 1416 1583 1917 2231 2199 2493 2651 
1 4 10 17 43 51 58 147 920 1117 1471 1637 1968 2296 2323 2651 
1 3 15 88 92 106 112 222 918 1265 1436 1777 1926 2075 2389 2357 2651 
1 2 6 82 212 215 219 222 254 916 1108 1454 1617 1777 1926 2075 2389 2357 2651 
1 2 6 83 782 1226 1397 1565 1731 2057 2207 2357 2651 
1 2 5 11 78 200 1014 1176 1177 1178 300 303 306 309 312 362 423 463 211 806 1046 1226 1571 1877 2199 2493 2651 
1 2 6 81 207 514 1077 1433 1779 2099 2413 2407 2398 2389 2357 2651 
1 3 14 86 208 785 1036 1217 1389 1729 1883 2177 2335 2493 2651 
1 2 5 12 201 204 1045 1055 1085 1274 1618 1784 2102 2417 2413 2407 2398 2389 2357 2651 
1 4 10 18 156 957 1326 1495 1830 1998 2165 2493 2651 
1 3 15 88 92 106 112 256 1088 1265 1436 1777 1926 2075 2389 2357 2651 
1 2 5 13 195 576 980 1163 1336 1505 1671 1833 2156 2323 2651 
1 2 7 77 181 182 186 142 145 259 924 1285 1456 1627 1800 2128 2156 2323 2651 
1 2 5 11 78 198 489 581 1010 1193 1365 1533 1699 1861 2019 2177 2335 2493 2651 
1 3 15 88 92 106 112 222 254 1110 1281 1615 1581 1737 2035 2357 2651 
1 4 9 191 970 1334 1637 1968 2296 2323 2651 
1 2 5 13 197 555 556 557 274 276 278 280 283 319 370 423 463 211 806 1046 1226 1397 1565 1899 2049 2199 2493 2651 
1 4 8 73 551 1182 1374 1375 1203 1020 418 402 332 383 474 524 887 1235 1406 1573 1908 2057 2207 2357 2651 
1 2 6 81 208 785 1036 1217 1389 1557 1723 2049 2199 2493 2651 
1 4 8 73 551 1182 1374 1375 1203 460 326 381 438 527 909 1245 1591 1747 1899 2049 2199 2493 2651 
1 4 8 72 189 480 529 930 1286 1630 1958 2286 2296 2323 2651 
1 2 5 12 202 509 1066 1245 1416 1583 1749 2075 2389 2357 2651 
1 4 8 72 187 550 543 667 1116 1290 1460 1626 1792 1950 2261 2580 2752 2296 2323 2651 
1 2 5 12 202 807 808 809 810 811 813 773 441 476 188 559 970 1153 1502 1843 2001 2323 2651 
1 3 15 87 115 236 867 1077 1255 1426 1767 2082 2049 2199 2493 2651 
1 2 7 77 181 182 186 142 257 1115 1289 1627 1800 1968 2296 2323 2651 
1 2 7 77 180 542 935 1314 1625 1951 2276 2286 2296 2323 2651 
1 2 5 13 197 555 556 557 274 276 279 314 317 372 430 467 865 1226 1571 1877 2199 2493 2651 
1 3 16 205 1032 1196 1129 937 759 760 602 615 42 143 923 1291 1468 1648 1820 1988 2156 2323 2651 
1 4 10 18 156 542 935 1127 1482 1658 1830 1998 2165 2493 2651 
1 4 8 72 187 549 1151 1464 1630 1958 2286 2296 2323 2651 
1 2 5 13 197 478 715 1120 1294 1464 1630 1958 2286 2296 2323 2651 
1 4 10 17 44 153 536 1124 1485 1820 1988 2156 2323 2651 
1 4 10 17 43 51 58 147 920 1294 1634 1810 2138 2165 2493 2651 
1 3 14 84 209 509 842 1074 1262 1613 1941 2093 2407 2398 2389 2357 2651 
1 2 6 81 206 506 822 1063 1252 1603 1769 2093 2407 2398 2389 2357 2651 
1 4 10 18 156 542 1140 1323 1502 1843 2165 2493 2651 
1 2 7 77 180 542 1141 1459 1793 1958 2286 2296 2323 2651 
1 2 6 82 85 225 867 1077 1255 1426 1593 1926 2075 2389 2357 2651 
1 2 7 75 193 988 1161 1471 1637 1968 2296 2323 2651 
1 3 14 84 211 1053 1416 1583 1917 2231 2199 2493 2651 
1 2 6 83 203 1033 1397 1737 2035 2357 2651 
1 2 5 13 197 555 556 557 274 277 312 362 423 463 211 806 1233 1549 1883 2177 2335 2493 2651 
1 2 5 12 201 784 1057 1058 1059 1060 1050 1040 1030 791 342 9 76 196 554 990 1353 1699 1861 2019 2177 2335 2493 2651 
1 3 15 88 92 106 112 222 254 916 1108 1282 1620 1783 2097 2091 2082 2049 2199 2493 2651 
1 4 9 190 1009 1210 1211 88 92 106 112 222 254 1110 1281 1445 1601 1757 1908 2057 2207 2357 2651 
1 2 5 11 80 554 990 1173 1346 1515 1681 1843 2001 2323 2651 
1 3 16 204 803 1053 1242 1593 1759 2084 2398 2389 2357 2651 
1 4 8 73 552 978 1301 1471 1637 1968 2296 2323 2651 
1 2 5 12 202 807 808 809 810 789 769 749 750 751 385 441 476 188 559 970 1333 1681 1843 2001 2323 2651 
1 2 7 77 74 155 536 928 1120 1468 1648 1820 1988 2156 2323 2651 
1 3 15 89 229 1075 1243 1557 1891 2041 2335 2493 2651 
1 2 5 11 78 198 489 581 1010 1371 1681 1843 2001 2323 2651 
1 2 6 83 782 1226 1397 1737 2035 2357 2651 
1 2 5 13 195 577 983 984 985 950 951 952 940 692 316 365 417 86 208 785 1036 1395 1555 1861 2019 2177 2335 2493 2651 
1 2 7 77 180 542 1140 1495 1830 1998 2165 2493 2651 
1 2 5 13 197 555 556 557 274 276 278 280 283 319 370 423 463 211 806 1046 1226 1397 1737 2035 2357 2651 
1 2 7 77 180 542 1140 1495 1661 1988 2156 2323 2651 
1 4 10 18 156 542 935 1127 1482 1822 1849 2177 2335 2493 2651 
1 3 16 205 1032 1196 1129 683 306 309 312 314 367 425 467 229 1075 1397 1737 2035 2357 2651 
1 3 16 204 803 1053 1416 1583 1749 2075 2389 2357 2651 
1 4 10 18 155 536 1124 1313 1492 1668 2001 2323 2651 
1 2 6 82 213 514 1077 1255 1601 1757 1908 2057 2207 2357 2651 
1 4 9 76 196 554 990 1173 1346 1515 1681 1843 2165 2493 2651 
1 2 7 76 196 554 990 1353 1699 1861 2019 2177 2335 2493 2651 
1 4 8 74 155 536 928 1120 1468 1648 1820 1988 2156 2323 2651 
1 2 5 13 197 555 556 557 274 276 278 280 282 285 324 370 423 463 211 806 1046 1404 1715 1877 2035 2357 2651 
1 4 9 190 1009 1210 1211 88 92 106 112 256 1088 1445 1775 1737 2035 2357 2651 
1 4 8 72 188 978 1151 1464 1800 1968 2296 2323 2651 
1 2 7 76 196 554 990 1173 1346 1687 2019 2177 2335 2493 2651 
1 2 5 11 78 198 489 581 1010 1193 1365 1705 2001 2323 2651 
1 2 5 11 78 198 489 581 1010 1193 1539 1843 2001 2323 2651 
1 2 7 75 194 541 928 1120 1294 1464 1800 1968 2296 2323 2651 
1 2 6 82 212 215 219 222 254 1110 1436 1777 2091 2082 2073 2041 2335 2493 2651 
1 2 5 12 202 807 808 809 810 789 790 791 793 795 476 188 559 970 1153 1502 1843 2165 2493 2651 
1 4 8 72 187 478 715 1120 1294 1464 1800 1968 2296 2323 2651 
1 4 10 18 155 535 923 1291 1468 1648 1820 1988 2156 2323 2651 
1 2 5 12 202 807 808 809 810 789 769 749 750 751 385 441 476 188 559 970 1153 1326 1668 2001 2323 2651 
1 3 15 88 92 106 112 222 918 1265 1611 1767 1917 2231 2199 2493 2651 
1 4 10 18 156 542 935 1127 1301 1648 1820 1988 2156 2323 2651 
1 4 8 74 155 536 928 1120 1294 1464 1630 1958 2286 2296 2323 2651 
1 3 14 85 225 867 1077 1255 1426 1593 1759 2084 2398 2389 2357 2651 
1 3 15 89 229 845 1253 1565 1899 2049 2199 2493 2651 
1 2 5 13 196 554 990 1173 1346 1515 1681 2007 2335 2493 2651 
1 2 6 83 203 765 1026 1209 1381 1549 1883 2177 2335 2493 2651 
1 2 5 11 78 198 489 581 1010 1370 1715 1877 2035 2357 2651 
1 2 5 13 196 554 990 1173 1521 1861 2019 2177 2335 2493 2651 
1 2 5 12 202 509 1066 1245 1416 1583 1917 2231 2199 2493 2651 
1 2 7 77 181 182 186 142 145 919 1112 1464 1800 1968 2296 2323 2651 
1 3 15 88 92 106 112 222 918 1265 1436 1777 2091 2082 2073 2041 2335 2493 2651 
1 4 10 19 21 25 42 142 145 919 1289 1627 1800 1968 2296 2323 2651 
1 2 5 13 195 577 983 984 985 950 951 952 940 692 316 365 417 86 208 785 1036 1217 1563 1721 2019 2177 2335 2493 2651 
1 4 10 17 43 51 58 147 920 1294 1464 1800 1968 2296 2323 2651 
1 2 6 82 213 514 1077 1255 1426 1767 2082 2049 2199 2493 2651 
1 4 8 72 188 559 970 1334 1637 1968 2296 2323 2651 
1 4 10 17 44 152 529 667 1116 1290 1460 1626 1792 1950 2261 2580 2752 2296 2323 2651 
1 4 10 18 156 957 1326 1668 1840 2007 2335 2493 2651 
1 4 10 19 21 25 42 142 145 259 924 1285 1456 1795 1820 1988 2156 2323 2651 
1 4 8 74 158 152 529 667 1116 1290 1460 1626 1945 2264 2269 2276 2286 2296 2323 2651 
1 3 15 89 225 517 1088 1265 1436 1603 1935 2249 2240 2207 2357 2651 
1 4 9 76 196 554 990 1173 1346 1515 1849 2177 2335 2493 2651 
1 4 10 18 155 536 928 1120 1294 1464 1800 2128 2156 2323 2651 
1 3 14 84 209 509 842 1074 1436 1777 1926 2075 2389 2357 2651 
1 4 10 18 156 542 1140 1495 1830 1998 2165 2493 2651 
1 3 14 84 210 846 847 848 849 829 810 789 790 791 342 9 76 196 554 990 1173 1346 1515 1681 1843 2165 2493 2651 
1 2 7 76 196 998 1326 1668 2001 2323 2651 
1 2 6 81 206 806 1232 1583 1749 2075 2389 2357 2651 
1 3 14 84 210 517 1088 1265 1436 1777 1926 2075 2389 2357 2651 
1 2 7 75 192 482 545 968 1141 1459 1625 1951 2276 2286 2296 2323 2651 
1 4 8 73 193 576 980 1163 1336 1505 1671 1998 2165 2493 2651 
1 3 15 89 229 1075 1397 1737 2035 2357 2651 
1 3 16 83 203 1033 1397 1737 2035 2357 2651 
1 4 8 73 193 576 980 1163 1336 1505 1671 1833 2156 2323 2651 
1 3 14 85 225 867 1077 1255 1426 1593 1926 2240 2207 2357 2651 
1 2 5 12 202 807 808 809 810 789 769 770 771 339 443 73 193 576 980 1163 1336 1678 1849 2177 2335 2493 2651 
1 2 5 13 197 555 556 557 274 276 278 281 316 365 209 825 1056 1235 1581 1737 2035 2357 2651 
1 3 15 89 229 845 1253 1414 1723 2049 2199 2493 2651 
1 4 8 73 193 988 1161 1324 1630 1958 2286 2296 2323 2651 
1 3 16 83 203 765 1026 1209 1381 1549 1883 2177 2335 2493 2651 
1 2 5 11 78 198 743 1008 1336 1505 1671 1833 2156 2323 2651 
1 2 6 82 213 845 1066 1245 1416 1583 1749 2075 2389 2357 2651 
1 2 5 11 78 198 743 1173 1346 1515 1681 1843 2165 2493 2651 
1 4 8 74 155 535 923 1115 1289 1459 1625 1951 2276 2286 2296 2323 2651 
1 4 10 18 155 536 928 1120 1294 1634 1970 1998 2165 2493 2651 
1 2 7 75 194 546 547 548 272 274 276 278 281 316 365 417 86 208 785 1036 1217 1563 1721 2019 2177 2335 2493 2651 
1 4 8 72 187 478 935 1314 1625 1951 2276 2286 2296 2323 2651 
1 2 6 82 85 223 232 889 1275 1583 1749 2075 2389 2357 2651 
1 2 5 12 202 807 808 809 810 789 790 791 793 443 73 193 576 980 1163 1336 1505 1671 1833 2156 2323 2651 
1 4 10 18 156 957 1150 1504 1530 1704 2035 2357 2651 
1 2 5 12 202 807 808 809 810 789 790 791 793 443 73 193 576 980 1163 1336 1505 1671 1998 2165 2493 2651 
1 3 15 89 229 845 1066 1424 1731 2057 2207 2357 2651 
1 3 15 88 92 106 112 222 254 916 1108 1454 1617 1777 1926 2075 2389 2357 2651 
1 4 8 72 187 549 960 1143 1316 1658 1830 1998 2165 2493 2651 
1 4 8 72 187 478 715 1120 1294 1464 1800 2128 2156 2323 2651 
1 4 10 18 155 535 670 1122 1296 1466 1632 1946 2269 2276 2286 2296 2323 2651 
1 3 15 89 229 1075 1243 1404 1563 1721 2019 2177 2335 2493 2651 
1 4 8 72 188 559 970 1153 1326 1495 1661 1988 2156 2323 2651 
1 2 5 13 197 555 556 557 274 276 279 313 357 417 86 208 785 1036 1217 1563 1721 2019 2177 2335 2493 2651 
1 2 7 75 193 576 1171 1485 1820 1988 2156 2323 2651 
1 4 10 17 44 152 530 923 1291 1468 1648 1820 1988 2156 2323 2651 
1 4 10 19 21 25 42 143 663 1120 1468 1648 1820 1988 2156 2323 2651 
1 4 10 19 21 25 42 142 145 259 1111 1286 1461 1634 1970 1998 2165 2493 2651 
1 4 9 190 1009 1210 1211 904 852 832 813 773 441 476 188 559 970 1153 1326 1668 2001 2323 2651 
1 3 15 89 225 867 1077 1255 1426 1593 1926 2240 2207 2357 2651 
1 2 5 12 202 807 808 809 810 789 769 749 750 751 385 441 476 188 559 970 1153 1502 1843 2001 2323 2651 
1 3 15 87 115 232 889 1088 1445 1601 1757 1908 2057 2207 2357 2651 
1 2 6 82 212 215 219 222 254 1110 1281 1445 1601 1757 1908 2057 2207 2357 2651 
1 3 16 204 1046 1403 1749 2075 2389 2357 2651 
1 2 5 11 78 198 489 1016 1346 1515 1681 1843 2001 2323 2651 
1 2 5 13 196 554 990 1173 1346 1515 1681 1843 2001 2323 2651 
1 4 10 18 155 536 928 1120 1294 1464 1630 1958 2286 2296 2323 2651 
1 2 7 77 181 182 186 142 145 919 1112 1291 1468 1648 1820 1988 2156 2323 2651 
1 4 8 72 187 549 960 1143 1492 1668 2001 2323 2651 
1 2 5 11 78 198 489 581 1010 1370 1715 1877 2199 2493 2651 
1 2 6 81 208 785 1036 1217 1389 1729 1883 2177 2335 2493 2651 
1 2 7 77 181 182 186 142 145 259 924 1285 1624 1648 1820 1988 2156 2323 2651 
1 3 15 87 113 123 243 889 1275 1583 1749 2075 2389 2357 2651 
1 3 15 87 115 236 867 1263 1424 1731 2057 2207 2357 2651 
1 4 8 73 193 576 980 1163 1336 1505 1840 2007 2335 2493 2651 
1 2 7 76 196 554 990 1173 1346 1515 1681 1843 2001 2323 2651 
1 3 16 205 1032 1196 1129 683 688 692 693 398 322 375 427 465 512 825 1056 1235 1581 1737 2035 2357 2651 
1 3 14 86 804 1222 1376 1318 740 625 182 186 142 257 920 1117 1298 1482 1658 1830 1998 2165 2493 2651 
1 4 8 72 187 549 1151 1464 1800 2128 2156 2323 2651 
1 4 10 18 156 958 1289 1627 1800 1968 2296 2323 2651 
1 2 5 13 197 555 556 557 274 276 278 281 318 360 16 83 203 765 1026 1209 1381 1721 2019 2177 2335 2493 2651 
1 4 8 72 188 559 970 1153 1502 1843 2165 2493 2651 
1 3 15 89 225 517 886 1100 1452 1618 1784 1942 2100 2418 2733 2880 2389 2357 2651 
1 4 8 74 155 536 1125 1466 1632 1946 2269 2276 2286 2296 2323 2651 
1 2 7 75 193 576 980 1163 1336 1505 1671 1998 2165 2493 2651 
1 2 5 11 78 200 1014 1176 1177 1178 300 303 306 309 312 362 423 510 1026 1209 1381 1549 1715 1877 2035 2357 2651 
1 2 7 75 192 559 1161 1471 1810 2138 2165 2493 2651 
1 2 6 81 207 826 827 828 829 810 789 790 791 342 9 76 196 554 990 1173 1521 1861 2019 2177 2335 2493 2651 
1 3 15 89 225 517 1088 1265 1436 1603 1935 2084 2398 2389 2357 2651 
1 3 15 89 229 845 1066 1245 1591 1747 1899 2049 2199 2493 2651 
1 3 14 84 210 517 1088 1265 1436 1603 1935 2249 2240 2207 2357 2651 
1 4 10 18 156 958 1289 1627 1960 1970 1998 2165 2493 2651 
1 2 5 12 202 807 808 809 810 789 790 791 342 9 76 196 554 990 1173 1346 1515 1849 2177 2335 2493 2651 
1 2 5 12 203 765 1026 1209 1381 1549 1715 1877 2199 2493 2651 
1 2 5 12 202 807 808 809 810 789 790 791 793 795 476 188 559 970 1153 1326 1668 2001 2323 2651 
1 4 10 17 44 153 932 1316 1658 1830 1998 2165 2493 2651 
1 4 8 72 187 549 960 1143 1492 1833 2156 2323 2651 
1 3 15 87 113 121 127 135 254 916 1108 1282 1452 1618 1784 1942 2100 2418 2733 2880 2389 2357 2651 
1 3 15 87 115 236 867 1263 1573 1908 2057 2207 2357 2651 
1 2 6 82 213 514 1077 1255 1426 1593 1759 2084 2398 2389 2357 2651 
1 4 9 190 1009 1210 1211 88 92 106 112 222 918 1265 1611 1767 1917 2231 2199 2493 2651 
1 4 10 19 21 25 42 143 663 925 1124 1313 1492 1668 2001 2323 2651 
1 2 5 11 80 741 993 994 995 951 952 940 313 360 16 83 203 765 1026 1209 1381 1549 1715 1877 2035 2357 2651 
1 2 6 81 206 506 822 1245 1416 1583 1917 2231 2199 2493 2651 
1 2 5 13 197 555 556 557 274 276 278 280 283 319 370 423 463 211 806 1046 1404 1715 1877 2035 2357 2651 
1 4 10 17 43 52 150 925 1301 1648 1980 2007 2335 2493 2651 
1 3 15 89 229 845 1253 1414 1571 1877 2035 2357 2651 
1 4 10 18 155 536 1125 1466 1632 1946 2269 2276 2286 2296 2323 2651 
1 2 6 81 206 506 822 1063 1252 1433 1779 2099 2413 2407 2398 2389 2357 2651 
1 3 16 205 1032 1196 1129 937 759 760 602 615 640 530 1117 1298 1482 1658 1830 1998 2165 2493 2651 
1 2 7 76 196 554 990 1173 1346 1515 1849 2177 2335 2493 2651 
1 4 9 190 1009 1210 1211 1028 424 403 334 384 475 889 1088 1445 1601 1757 1908 2057 2207 2357 2651 
1 2 5 11 78 198 489 581 1010 1193 1539 1843 2165 2493 2651 
1 2 5 12 201 784 842 1255 1426 1593 1926 2240 2207 2357 2651 
1 3 15 88 92 106 112 222 254 916 1108 1282 1620 1943 1939 1933 1899 2049 2199 2493 2651 
1 2 5 13 195 577 715 1120 1294 1634 1810 2138 2165 2493 2651 
1 4 8 73 551 1182 1374 1375 1203 460 326 381 438 527 909 1245 1416 1757 1908 2057 2207 2357 2651 
1 4 8 72 187 478 715 958 1289 1627 1800 1968 2296 2323 2651 
1 4 10 18 156 958 1289 1627 1960 1988 2156 2323 2651 
1 3 14 84 209 509 842 1074 1262 1613 1779 2099 2413 2407 2398 2389 2357 2651 
1 2 6 82 213 514 864 1265 1436 1603 1769 2093 2407 2398 2389 2357 2651 
1 4 9 191 552 978 1151 1314 1625 1951 2276 2286 2296 2323 2651 
1 2 5 11 78 200 1014 1176 1177 1178 1005 678 278 280 283 321 365 417 86 208 785 1036 1217 1389 1729 1883 2177 2335 2493 2651 
1 2 5 12 202 807 808 809 810 811 812 814 775 659 479 967 1336 1505 1671 1998 2165 2493 2651 
1 4 10 17 43 51 58 147 262 1112 1464 1800 1968 2296 2323 2651 
1 3 16 83 203 765 1026 1209 1381 1549 1715 1877 2035 2357 2651 
1 2 5 12 202 807 808 809 810 811 813 773 441 476 188 559 970 1333 1681 1843 2001 2323 2651 
1 2 5 11 79 764 822 1063 1426 1767 1917 2231 2199 2493 2651 
1 2 7 77 180 542 1141 1459 1625 1951 2276 2286 2296 2323 2651 
1 4 9 76 196 998 1326 1495 1661 1988 2156 2323 2651 
1 3 14 84 209 509 1066 1423 1769 2093 2407 2398 2389 2357 2651 
1 2 5 13 197 555 556 557 274 276 278 281 316 365 417 86 208 785 1036 1217 1389 1557 1723 1885 2207 2357 2651 
1 3 15 89 229 845 1066 1424 1581 1737 1891 2041 2335 2493 2651 
1 4 10 19 21 25 42 142 145 259 924 1285 1624 1648 1820 1988 2156 2323 2651 
1 3 15 88 92 106 112 256 1088 1265 1611 1767 1917 2231 2199 2493 2651 
1 2 5 13 197 555 556 557 274 276 278 280 283 321 365 417 86 208 785 1036 1217 1389 1557 1723 1885 2207 2357 2651 
1 3 15 88 92 106 112 256 1088 1445 1601 1757 1908 2057 2207 2357 2651 
1 3 14 84 209 825 1242 1423 1769 2093 2407 2398 2389 2357 2651 
1 2 5 11 78 198 489 581 1199 1515 1681 1843 2001 2323 2651 
1 3 16 204 1046 1226 1397 1737 2035 2357 2651 
1 4 8 73 552 978 1151 1314 1625 1951 2276 2286 2296 2323 2651 
1 3 16 204 803 1053 1242 1423 1769 2093 2407 2398 2389 2357 2651 
1 4 10 18 155 536 928 1298 1650 1678 1849 2177 2335 2493 2651 
1 2 5 11 78 200 990 1173 1346 1515 1849 2177 2335 2493 2651 
1 4 10 19 21 25 42 143 663 925 1301 1648 1820 1988 2156 2323 2651 
1 4 8 74 155 536 1124 1485 1820 1988 2156 2323 2651 
1 4 10 17 43 52 150 925 1124 1485 1820 1988 2156 2323 2651 
1 2 7 75 192 482 545 968 1294 1464 1800 1968 2296 2323 2651 
1 3 16 204 1046 1226 1397 1565 1731 2057 2207 2357 2651 
1 2 5 11 78 198 742 1023 1389 1557 1723 1885 2207 2357 2651 
1 4 8 72 187 478 935 1127 1301 1648 1820 1988 2156 2323 2651 
1 3 14 85 223 232 889 1275 1583 1749 2075 2389 2357 2651 
1 2 6 81 206 806 1046 1226 1397 1565 1731 2057 2207 2357 2651 
1 3 16 83 203 765 1026 1209 1381 1549 1715 2041 2335 2493 2651 
1 3 16 83 203 765 1026 1209 1381 1721 2019 2177 2335 2493 2651 
1 2 7 77 180 542 935 1127 1301 1471 1637 1968 2296 2323 2651 
1 3 15 87 115 236 867 1263 1424 1581 1737 1891 2041 2335 2493 2651 
1 4 8 72 187 478 715 958 1289 1627 1800 2128 2156 2323 2651 
1 4 9 76 562 1153 1326 1668 2001 2323 2651 
1 3 14 86 803 1053 1242 1423 1769 2093 2407 2398 2389 2357 2651 
1 4 8 72 187 478 715 1120 1294 1464 1630 1958 2286 2296 2323 2651 
1 4 8 74 155 536 928 1120 1294 1634 1970 1998 2165 2493 2651 
1 4 8 72 188 559 970 1153 1326 1668 2001 2323 2651 
1 4 10 17 44 153 536 928 1120 1468 1812 1840 2007 2335 2493 2651 
1 2 7 77 180 542 935 1127 1301 1471 1810 2138 2165 2493 2651 
1 2 6 81 206 805 864 1265 1436 1603 1769 2093 2407 2398 2389 2357 2651 
1 4 10 17 44 153 536 928 1120 1294 1464 1800 2128 2156 2323 2651 
1 4 9 191 970 1153 1502 1843 2165 2493 2651 
1 3 15 89 229 845 1253 1565 1731 2057 2207 2357 2651 
1 2 5 13 197 555 556 557 274 276 279 314 367 425 467 229 1075 1397 1737 2035 2357 2651 
1 3 14 84 210 846 847 848 849 829 810 789 790 791 342 9 76 196 554 990 1353 1699 1861 2019 2177 2335 2493 2651 
1 2 5 13 197 555 556 557 274 276 278 281 318 360 16 83 203 765 1026 1209 1381 1549 1715 1877 2035 2357 2651 
1 3 14 84 211 806 1046 1226 1397 1737 1891 2041 2335 2493 2651 
1 3 15 87 115 236 867 1077 1255 1601 1924 1891 2041 2335 2493 2651 
1 2 5 13 197 555 556 557 274 277 312 362 423 463 211 806 1046 1226 1397 1737 2035 2357 2651 
1 2 5 13 197 555 556 557 274 276 278 281 316 365 417 86 208 785 1036 1217 1389 1729 1883 2177 2335 2493 2651 
1 2 5 12 202 807 808 809 810 789 769 770 771 773 441 476 188 559 1160 1515 1681 1843 2001 2323 2651 
1 2 5 12 201 785 1036 1217 1389 1557 1891 2041 2335 2493 2651 
1 3 14 84 211 806 1232 1583 1917 2231 2199 2493 2651 
1 2 7 76 196 998 1326 1495 1661 1988 2156 2323 2651 
1 2 5 12 202 807 808 809 810 789 790 791 793 795 476 188 559 970 1333 1681 1843 2001 2323 2651 
1 3 14 85 223 230 237 246 916 1108 1282 1452 1618 1944 2099 2413 2407 2398 2389 2357 2651 
1 4 10 19 21 25 42 142 145 919 1112 1291 1468 1648 1820 1988 2156 2323 2651 
1 4 9 190 1009 1210 1211 904 852 832 813 773 441 478 935 1313 1492 1668 2001 2323 2651 
1 2 6 81 206 506 1056 1413 1759 2084 2398 2389 2357 2651 
1 3 15 89 225 867 1077 1255 1426 1593 1926 2075 2389 2357 2651 
1 2 5 11 78 198 742 1209 1381 1549 1715 1877 2035 2357 2651 
1 4 10 18 155 536 928 1298 1482 1822 1849 2177 2335 2493 2651 
1 2 5 11 78 198 489 581 1198 1549 1715 1877 2199 2493 2651 
1 2 5 12 202 807 808 809 810 789 790 791 793 443 73 193 576 980 1343 1521 1861 2019 2177 2335 2493 2651 
1 2 5 12 203 765 1026 1209 1381 1549 1883 2177 2335 2493 2651 
1 4 9 191 970 1153 1326 1668 2001 2323 2651 
1 4 8 72 188 559 1161 1471 1637 1968 2296 2323 2651 
1 4 8 72 187 478 715 958 1289 1459 1793 1958 2286 2296 2323 2651 
1 2 5 11 79 496 1036 1217 1389 1557 1723 1885 2207 2357 2651 
1 4 9 190 1009 1210 1211 88 92 106 112 256 915 1255 1601 1757 1908 2057 2207 2357 2651 
1 4 8 74 158 152 530 923 1291 1468 1648 1820 1988 2156 2323 2651 
1 4 8 74 155 536 928 1120 1294 1464 1800 2128 2156 2323 2651 
1 3 14 84 209 509 842 1074 1436 1603 1935 2249 2240 2207 2357 2651 
1 4 9 190 1009 1210 1211 88 92 106 112 256 1088 1445 1601 1757 1908 2057 2207 2357 2651 
1 2 5 11 78 198 489 581 1198 1549 1715 1877 2035 2357 2651 
1 2 5 13 197 555 556 557 274 276 279 313 357 414 463 211 806 1046 1226 1397 1737 2035 2357 2651 
1 2 6 82 212 215 219 222 918 1265 1436 1777 2091 2082 2073 2041 2335 2493 2651 
1 3 15 89 229 845 1066 1245 1416 1757 1908 2057 2207 2357 2651 
1 4 10 17 44 153 536 928 1120 1294 1634 1970 1998 2165 2493 2651 
1 4 8 73 193 576 1171 1485 1820 1988 2156 2323 2651 
1 4 8 73 193 576 1171 1334 1637 1968 2296 2323 2651 
1 3 15 87 115 232 889 1275 1434 1591 1747 1899 2049 2199 2493 2651 
1 2 5 11 78 200 1014 1176 1177 1178 300 303 306 309 312 362 423 510 1026 1209 1555 1861 2019 2177 2335 2493 2651 
1 3 14 86 804 1222 1376 1318 740 625 182 186 142 145 919 1112 1291 1468 1648 1820 1988 2156 2323 2651 
1 3 14 84 211 1053 1416 1757 1908 2057 2207 2357 2651 
1 4 10 18 156 542 1140 1323 1502 1843 2001 2323 2651 
1 2 5 12 202 807 808 809 810 811 813 773 441 476 188 559 970 1153 1326 1668 2001 2323 2651 
1 2 7 77 180 542 935 1127 1301 1648 1980 2007 2335 2493 2651 
1 2 7 75 192 559 970 1153 1326 1668 2001 2323 2651 
1 2 6 81 207 826 827 828 829 810 789 769 770 307 342 9 76 196 554 1180 1533 1699 1861 2019 2177 2335 2493 2651 
1 3 15 88 92 106 112 222 254 916 1284 1451 1611 1767 2082 2073 2041 2335 2493 2651 
1 2 7 75 192 482 545 1127 1301 1471 1637 1968 2296 2323 2651 
1 2 6 82 213 845 1066 1245 1591 1747 1899 2049 2199 2493 2651 
1 3 14 84 209 825 1056 1235 1406 1573 1908 2057 2207 2357 2651 
1 4 9 190 1009 1210 1211 904 905 906 884 862 840 820 608 619 632 643 663 1120 1468 1648 1820 1988 2156 2323 2651 
1 4 10 17 43 52 150 925 1301 1471 1637 1968 2296 2323 2651 
1 3 15 88 92 106 112 256 1088 1445 1749 2075 2389 2357 2651 
1 2 5 12 202 207 514 864 1085 1274 1618 1784 2102 2417 2413 2407 2398 2389 2357 2651 
1 2 6 83 782 1043 1232 1583 1749 2075 2389 2357 2651 
1 4 9 190 1009 1210 1211 1028 424 403 334 384 112 256 915 1101 1263 1424 1581 1737 2035 2357 2651 
1 4 10 17 44 153 536 1124 1313 1492 1668 1840 2007 2335 2493 2651 
1 2 6 81 208 785 1036 1217 1389 1557 1891 2041 2335 2493 2651 
1 3 15 87 115 236 867 1263 1424 1581 1737 2035 2357 2651 
1 3 14 84 209 825 1242 1593 1926 2075 2389 2357 2651 
1 3 15 87 115 236 867 1077 1434 1591 1747 1899 2049 2199 2493 2651 
1 3 14 86 803 1053 1242 1593 1759 2084 2398 2389 2357 2651 
1 4 8 72 188 559 970 1153 1326 1495 1830 1998 2165 2493 2651 
1 4 8 72 187 549 1151 1464 1800 1968 2296 2323 2651 
1 2 5 12 202 807 808 809 810 789 769 770 771 339 443 73 193 576 980 1163 1512 1687 2019 2177 2335 2493 2651 
1 2 7 77 180 541 701 1115 1289 1627 1800 1968 2296 2323 2651 
1 4 9 190 1009 1210 1211 904 905 906 884 751 385 441 476 188 559 970 1333 1681 2007 2335 2493 2651 
1 4 10 17 44 153 536 1124 1313 1660 1670 1680 1704 2035 2357 2651 
1 2 6 82 212 215 219 222 254 916 1284 1451 1611 1933 1924 1891 2041 2335 2493 2651 
1 2 5 11 79 496 1035 1063 1252 1603 1769 2093 2407 2398 2389 2357 2651 
1 2 5 11 78 200 990 1173 1521 1861 2019 2177 2335 2493 2651 
1 2 5 11 78 200 1014 978 1151 1464 1630 1958 2286 2296 2323 2651 
1 2 5 11 78 198 743 1173 1346 1515 1681 2007 2335 2493 2651 
1 3 16 83 782 1043 1232 1583 1749 2075 2389 2357 2651 
1 4 8 72 187 478 715 958 1125 1466 1632 1946 2269 2276 2286 2296 2323 2651 
1 4 10 17 43 52 149 262 1112 1291 1468 1648 1820 1988 2156 2323 2651 
1 4 10 18 156 957 1326 1495 1661 1988 2156 2323 2651 
1 2 5 11 79 764 1047 1048 1049 1050 1040 1030 906 884 751 385 441 476 188 559 970 1153 1502 1843 2165 2493 2651 
1 3 15 87 115 236 867 1077 1255 1601 1757 1908 2057 2207 2357 2651 
1 2 5 13 195 191 552 978 1151 1464 1630 1958 2286 2296 2323 2651 
1 2 6 81 208 785 1036 1217 1389 1557 1723 1885 2207 2357 2651 
1 2 5 12 202 509 842 1255 1426 1593 1759 2084 2398 2389 2357 2651 
1 2 5 13 197 555 556 557 274 277 312 314 317 372 430 467 865 1226 1571 1877 2199 2493 2651 
1 2 6 82 213 845 1066 1423 1769 2093 2407 2398 2389 2357 2651 
1 3 15 89 229 845 1066 1245 1416 1583 1749 2075 2389 2357 2651 
1 2 5 13 197 555 556 557 274 276 279 313 357 417 86 208 785 1036 1395 1555 1861 2019 2177 2335 2493 2651 
1 4 8 72 188 559 970 1333 1681 1843 2001 2323 2651 
1 4 10 17 44 153 536 1124 1313 1660 1687 2019 2177 2335 2493 2651 
1 2 6 83 203 765 1026 1209 1555 1861 2019 2177 2335 2493 2651 
1 2 5 12 202 807 808 809 810 789 769 770 771 339 443 73 193 576 1170 1353 1699 1861 2019 2177 2335 2493 2651 
1 2 7 76 196 554 990 1173 1521 1861 2019 2177 2335 2493 2651 
1 4 8 72 187 549 960 1324 1630 1958 2286 2296 2323 2651 
1 4 10 19 21 25 42 143 663 1120 1294 1464 1800 2128 2156 2323 2651 
1 3 16 83 203 765 1026 1209 1555 1861 2019 2177 2335 2493 2651 
1 3 14 85 225 867 1077 1255 1426 1593 1926 2075 2389 2357 2651 
1 3 14 84 209 509 842 1255 1426 1593 1759 2084 2398 2389 2357 2651 
1 4 10 17 43 51 58 147 920 1294 1464 1800 2128 2156 2323 2651 
1 2 7 77 180 541 928 1299 1632 1946 2269 2276 2286 2296 2323 2651 
1 3 16 205 1032 1196 1129 683 306 309 312 314 367 427 465 512 825 1056 1414 1571 1877 2035 2357 2651 
1 4 8 72 187 549 1150 1505 1671 1833 2156 2323 2651 
1 3 16 204 803 1234 1262 1613 1941 2093 2407 2398 2389 2357 2651 
1 2 6 83 203 765 1026 1209 1381 1549 1715 2041 2335 2493 2651 
1 4 9 191 970 1153 1502 1843 2001 2323 2651 
1 4 10 19 21 25 42 142 145 259 924 1285 1456 1627 1800 2128 2138 2165 2493 2651 
1 2 5 11 79 496 782 1043 1232 1583 1749 2075 2389 2357 2651 
1 2 7 75 192 482 545 968 1141 1459 1793 1958 2286 2296 2323 2651 
1 3 15 89 229 845 1253 1414 1571 1877 2199 2493 2651 
1 2 7 75 192 559 1161 1471 1637 1968 2296 2323 2651 
1 2 7 75 194 546 547 548 272 274 276 278 281 316 365 417 86 208 785 1036 1395 1555 1861 2019 2177 2335 2493 2651 
1 4 8 72 188 978 1301 1471 1637 1968 2296 2323 2651 
1 3 16 83 203 765 1026 1209 1381 1549 1715 1877 2199 2493 2651 
1 2 5 13 197 555 556 557 274 276 278 280 283 319 370 423 463 211 806 1046 1226 1571 1877 2035 2357 2651 
1 3 15 89 229 845 1066 1424 1581 1737 2035 2357 2651 
1 2 5 11 78 199 1026 1209 1381 1549 1715 2041 2335 2493 2651 
1 2 6 82 85 225 867 1077 1255 1601 1757 1908 2057 2207 2357 2651 
1 3 16 205 1032 1196 1129 683 306 309 312 314 367 427 465 512 825 1243 1404 1715 1877 2035 2357 2651 
1 3 14 84 209 825 1056 1235 1581 1885 2207 2357 2651 
1 2 5 13 197 555 556 557 274 277 312 314 367 425 467 229 1075 1397 1737 2035 2357 2651 
1 3 14 84 209 509 842 1074 1436 1603 1769 2093 2407 2398 2389 2357 2651 
1 2 7 76 562 988 1161 1471 1637 1968 2296 2323 2651 
1 2 5 11 79 764 822 1063 1426 1593 1759 2084 2398 2389 2357 2651 
1 2 5 13 195 577 715 1120 1294 1464 1630 1958 2286 2296 2323 2651 
1 3 15 87 113 121 129 250 911 1103 1277 1447 1613 1779 2099 2413 2407 2398 2389 2357 2651 
1 4 8 74 155 536 928 1120 1294 1464 1800 1968 2296 2323 2651 
1 4 8 74 158 165 149 262 1112 1291 1468 1648 1820 1988 2156 2323 2651 
1 2 6 82 213 845 1066 1245 1416 1757 2073 2041 2335 2493 2651 
1 2 6 81 206 806 1232 1583 1917 2231 2199 2493 2651 
1 2 5 11 79 764 1047 1048 1049 1050 1040 1030 906 884 751 385 441 476 188 559 970 1333 1681 2007 2335 2493 2651 
1 3 15 89 229 845 1066 1424 1581 1885 2207 2357 2651 
1 2 5 13 197 555 556 557 274 276 278 280 282 285 324 370 423 463 211 806 1046 1404 1715 2041 2335 2493 2651 
1 4 10 18 156 958 1289 1627 1800 2128 2138 2165 2493 2651 
1 4 9 76 196 554 990 1173 1346 1687 2019 2177 2335 2493 2651 
1 4 10 19 21 25 42 142 145 919 1289 1627 1960 1988 2156 2323 2651 
1 2 7 75 194 546 547 548 272 274 276 278 281 316 365 417 86 208 785 1036 1217 1389 1557 1723 2049 2199 2493 2651 
1 2 5 13 195 191 970 1334 1637 1968 2296 2323 2651 
1 3 15 87 113 123 243 1101 1263 1573 1908 2057 2207 2357 2651 
1 4 10 18 156 542 935 1313 1492 1833 2156 2323 2651 
1 2 6 83 203 765 1026 1209 1381 1549 1715 1877 2035 2357 2651 
1 3 15 87 113 121 129 246 916 1108 1282 1452 1618 1944 2099 2413 2407 2398 2389 2357 2651 
1 4 9 76 196 554 990 1173 1346 1515 1681 2007 2335 2493 2651 
1 3 14 84 209 509 1066 1424 1731 2057 2207 2357 2651 
1 4 10 18 156 542 935 1314 1625 1951 2276 2286 2296 2323 2651 
1 2 5 13 197 555 556 557 274 276 278 280 283 319 370 423 463 211 806 1233 1395 1555 1861 2019 2177 2335 2493 2651 
1 4 8 72 188 559 970 1153 1326 1668 1840 2007 2335 2493 2651 
