1 4 12 165 392 880 963 1361 1586 1807 2022 2234 2443 2649 2855 3061 3267 3892 4106 4320 4536 
1 2 8 183 417 783 1105 1427 1652 1872 2087 2299 2508 2714 2920 3126 3332 3957 4155 4353 4536 
1 3 21 191 435 791 1146 1444 1668 1888 2103 2315 2524 2730 2936 3142 3348 3973 4383 4353 4536 
1 4 12 165 391 882 1368 1330 1523 1745 1963 2599 3226 3442 3658 3874 4290 4320 4536 
1 4 13 397 981 1371 1596 2251 2460 2666 2872 3078 3284 3490 3696 4320 4536 
1 4 12 166 399 397 981 1371 1596 1816 2031 2243 2871 3069 3248 3874 4290 4320 4536 
1 3 22 416 1083 1419 1644 1864 2079 2291 2918 3132 3348 3973 4383 4353 4536 
1 4 14 24 376 872 925 1341 2013 2225 2434 2640 3267 3892 4106 4320 4536 
1 3 20 186 420 787 1125 1435 1660 1880 2095 2307 2516 2722 3332 3957 4155 4353 4536 
1 5 182 412 1643 1840 2483 2681 2864 3070 3276 3482 4106 4320 4536 
1 4 12 165 392 880 963 1361 1586 1807 2434 3042 3248 3874 4290 4320 4536 
1 2 8 183 417 783 1105 1427 2094 2298 2499 2682 2888 3094 3300 3506 3712 3918 4124 4330 4536 
1 6 171 404 995 1379 1604 2243 2452 2658 3267 3892 4106 4320 4536 
1 4 13 397 981 1822 2045 2267 2894 3110 3316 3522 3728 4353 4536 
1 4 12 165 391 876 943 1351 1576 1797 2443 3070 3696 4320 4536 
1 2 7 15 175 406 1042 1854 2079 2291 2918 3132 3348 3973 4383 4353 4536 
1 3 21 191 435 791 1146 1880 2523 2706 3316 3926 4536 
1 4 12 167 378 372 873 888 1321 1969 2181 2816 3442 3658 4074 4106 4320 4536 
1 3 20 188 419 416 1083 1419 2071 2283 2492 2698 2904 3110 3316 3926 4536 
1 6 171 404 995 1832 2047 2259 2468 2674 2880 3086 3292 3498 3704 3910 4536 
1 4 12 165 391 876 1584 1814 2039 2251 2460 2666 2872 3078 3284 3910 4536 
1 3 20 186 420 785 1144 1453 2117 2340 2952 3578 3775 3973 4383 4353 4536 
1 2 7 15 175 406 170 403 1025 1846 2069 2289 2506 2722 2928 3134 3759 3957 4155 4353 4536 
1 2 8 183 417 783 1105 1427 1652 1872 2087 2722 3348 3973 4383 4353 4536 
1 4 12 165 391 882 962 1350 1565 1776 1963 2175 2387 3009 3226 3442 3658 3874 4290 4320 4536 
1 5 182 412 1062 1411 1636 1856 2071 2706 2912 3118 3324 3530 4155 4353 4536 
1 2 7 15 178 409 1042 1403 2055 2267 2476 2682 2888 3094 3300 3506 3712 3918 4124 4330 4536 
1 2 7 15 175 396 1009 1387 1612 1832 2047 2259 2872 3078 3284 3490 3696 4320 4536 
1 2 9 172 398 884 980 1360 1575 1767 1983 2620 3248 3874 4290 4320 4536 
1 2 9 172 399 397 1604 1824 2039 2251 2460 2666 2872 3078 3284 3910 4536 
1 2 9 172 399 397 981 1824 2468 3094 3300 3506 3712 3918 4124 4330 4536 
1 3 22 416 1083 1419 1644 2299 2912 3522 3728 4353 4536 
1 2 7 15 175 406 170 403 1025 1832 2047 2259 2468 2674 2880 3086 3292 3498 3704 3910 4536 
1 2 9 173 1009 1387 1612 2267 2896 3506 3712 3918 4124 4330 4536 
1 2 9 172 398 880 963 1361 1586 2243 2452 2658 2864 3488 3704 3910 4536 
1 5 182 412 1642 1872 2514 2730 3356 3981 4391 4383 4353 4536 
1 3 20 186 420 785 1144 1451 1684 1912 2138 2772 2969 3166 3363 3561 3759 3957 4155 4353 4536 
1 3 20 186 422 1433 1668 2321 2540 2746 2952 3578 3775 4185 4155 4353 4536 
1 2 7 15 175 406 1042 1403 2069 2289 2508 2714 2920 3530 4155 4353 4536 
1 2 7 15 175 406 170 403 1025 1395 1620 1840 2055 2267 2476 2682 2888 3094 3300 3506 3712 3918 4124 4330 4536 
1 2 7 19 179 396 1009 1387 1612 1832 2047 2259 2468 2674 2880 3086 3292 3498 3704 3910 4536 
1 2 7 18 178 409 1042 1403 1628 1848 2063 2275 2484 2690 2896 3102 3308 3514 3720 3926 4536 
1 2 7 15 175 406 170 403 1025 1847 2039 2658 3267 3892 4106 4320 4536 
1 2 7 15 175 406 170 403 1025 1395 1620 1840 2468 3078 3284 3490 3696 4320 4536 
1 5 182 412 1062 1411 1636 1856 2071 2283 2492 3118 3728 4353 4536 
1 2 8 183 417 783 1105 1427 1652 1872 2500 3110 3316 3926 4536 
1 2 7 15 175 409 1042 1403 1628 1848 2063 2698 3324 3949 4147 4330 4536 
1 4 12 165 391 882 962 1350 1546 2204 2387 3009 3226 3442 3658 4074 4106 4320 4536 
1 4 12 166 994 1351 2022 2234 2443 2649 3274 3490 3696 4320 4536 
1 3 21 191 435 791 1146 1444 1668 1888 2103 2722 3332 3957 4155 4353 4536 
1 2 7 18 1061 1387 1612 1832 2047 2259 2468 3094 3300 3506 3712 3918 4124 4330 4536 
1 3 20 186 420 787 1125 1435 2087 2706 3316 3926 4536 
1 4 12 166 399 397 981 1371 1596 1816 2031 2243 2452 2658 3267 3892 4106 4320 4536 
1 2 7 15 175 406 170 403 1025 1395 1620 1840 2482 2696 2910 3126 3332 3957 4155 4353 4536 
1 2 7 15 175 406 1042 1403 1628 1848 2491 2689 2872 3482 4106 4320 4536 
1 2 7 15 175 406 170 1403 1628 2282 2468 3078 3284 3910 4536 
1 6 171 404 995 1379 1604 1824 2452 3061 3267 3892 4106 4320 4536 
1 2 7 15 175 406 170 403 1612 1832 2047 2259 2468 2674 2880 3086 3292 3498 3704 3910 4536 
1 6 171 404 1596 2234 2863 3042 3248 3874 4290 4320 4536 
1 4 12 166 994 1351 1576 1797 2013 2225 2853 3070 3696 4320 4536 
1 6 171 404 995 1379 2031 2665 2846 3052 3677 3892 4106 4320 4536 
1 2 7 15 175 406 1042 1403 1628 1848 2492 3116 3332 3957 4155 4353 4536 
1 2 7 15 175 406 170 403 1025 1395 1620 1840 2055 2689 2872 3078 3284 3910 4536 
1 3 22 414 1105 1427 1652 1872 2087 2299 2508 3132 3348 3973 4383 4353 4536 
1 3 22 414 1105 1880 2524 3149 3347 3530 4155 4353 4536 
1 2 9 172 398 880 1595 1787 2432 2649 2855 3480 3696 4320 4536 
1 2 7 15 178 1409 1644 1864 2079 2291 2500 2706 2912 3118 3743 3926 4536 
1 3 22 414 1105 1879 2086 2275 2484 3110 3316 3926 4536 
1 2 7 15 175 409 1634 1862 2085 2305 2524 3149 3347 3530 4155 4353 4536 
1 4 14 23 141 150 156 361 1319 1554 1785 2011 2232 2452 2658 3284 3910 4536 
1 2 7 15 175 406 170 403 1025 1395 1620 1840 2055 2689 3099 3069 3248 3874 4290 4320 4536 
1 4 12 165 392 1371 1596 1816 2031 2243 2452 2658 3284 3910 4536 
1 3 20 188 419 416 1636 2275 2904 3110 3316 3926 4536 
1 3 20 186 420 787 1652 2306 2507 2705 2903 3101 3284 3490 3696 4320 4536 
1 2 8 183 417 783 1105 1879 2071 2690 2896 3102 3308 3514 3720 3926 4536 
