6247 5463 1341 3812 3039 3836 6597 1828 4600 
6247 6551 3703 6464 3992 6454 48 2884 4600 
6247 5385 6015 5640 2322 4805 48 2884 4600 
6247 6551 1696 3407 271 3102 5963 1828 4600 
6247 1778 4631 513 3812 6572 4094 2884 4600 
6247 5463 1341 3812 3039 5519 193 676 4600 
6247 5385 1255 1730 6492 1723 2502 1357 4600 
6247 1778 4631 513 132 6540 48 2884 4600 
6247 5385 1255 1341 3812 6572 1244 2884 4600 
6247 5463 1341 3812 1332 4094 2884 4600 
6247 6551 3703 1416 3787 6248 957 3836 6597 676 4600 
6247 5385 4899 3703 6464 3992 6454 48 2884 4600 
6247 1778 1857 5801 4149 3777 6540 48 2884 4600 
6247 5385 1255 6500 399 2849 6006 1244 2884 4600 
6247 6551 1696 4173 5821 1687 4467 2799 2502 1357 4600 
6247 5463 1341 3812 5894 3039 5519 193 1828 4600 
6247 6551 1696 4555 431 513 3812 6572 1244 2884 4600 
6247 5385 6551 1696 3407 271 3102 5963 1828 4600 
6247 626 3469 6315 2174 4480 1332 4094 2884 4600 
6247 5463 1341 3812 3039 5519 1394 3524 676 4600 
6247 6551 2037 1416 3787 6248 957 3836 6597 1828 4600 
6247 6551 3703 1696 3407 3025 271 3102 5963 1828 4600 
6247 5463 1341 3812 957 3836 6597 676 4600 
6247 1778 4631 513 3812 3039 3836 6597 1828 4600 
6247 5385 1255 1341 3812 3039 5519 193 676 4600 
6247 6551 1696 4173 2998 5782 1645 2502 1357 4600 
6247 5385 1255 6500 399 2849 3233 6083 1244 2884 4600 
6247 6551 1696 2857 4578 5059 937 3398 1746 3932 1828 4600 
6247 1778 4631 6336 2394 2022 392 2661 193 1828 4600 
6247 626 3469 6315 513 3812 3039 5519 193 676 4600 
6247 5463 1341 4669 4294 2637 4726 5519 193 1828 4600 
6247 5463 1341 3812 5894 3039 1394 3524 676 4600 
6247 6551 1696 4173 5821 1687 6454 48 2884 4600 
6247 5385 1255 881 2576 4237 111 2457 193 1828 4600 
6247 5463 1341 3812 5454 2600 6618 322 2013 4309 676 4600 
6247 1778 4631 513 3351 2174 1801 4580 1723 2502 1357 4600 
6247 626 3469 5756 3764 6040 3186 48 2884 4600 
6247 6551 1696 3407 1721 4199 1432 4281 3102 5963 1828 4600 
6247 6551 1696 6464 3992 6454 48 2884 4600 
6247 6551 1696 3407 271 3102 5588 301 3132 676 4600 
6247 5385 1255 1730 4028 5188 3186 48 2884 4600 
6247 1778 4631 513 2962 2196 4683 3029 193 676 4600 
6247 6551 626 3469 2974 5454 3812 3039 5519 193 676 4600 
6247 6551 5385 6015 5640 2322 4805 48 2884 4600 
6247 5385 6015 97 5709 571 1723 2502 1357 4600 
6247 1778 1857 4631 513 132 6618 322 3569 5954 4309 676 4600 
6247 6551 1696 4555 431 513 3812 3039 1394 3524 676 4600 
6247 5385 2072 4936 178 1341 3812 3039 5519 193 1828 4600 
6247 5385 1255 4588 5857 533 2799 2502 1357 676 4600 
6247 1778 3428 5801 5420 132 6618 322 1909 276 952 676 4600 
6247 626 3469 6315 513 3812 3039 1394 3524 676 4600 
6247 5463 1341 3812 3039 3836 6597 676 4600 
6247 5463 1341 3812 1332 6572 1244 2884 4600 
6247 626 1778 4631 513 3812 3039 5519 1394 193 676 4600 
6247 1778 4631 513 2174 4480 1332 4094 2884 4600 
6247 5385 4899 3703 59 3992 6454 48 2884 4600 
6247 626 1778 4631 513 3812 6572 1244 2884 4600 
6247 5385 1255 1730 5857 533 2799 2502 1357 4600 
6247 5385 4899 2037 5683 399 2849 3233 5711 1244 2884 4600 
6247 626 3469 6315 513 3812 957 3836 6597 1828 4600 
6247 5463 1341 4669 4294 6758 952 676 4600 
6247 5385 6551 1696 4173 5821 1687 4544 615 2237 1292 1586 3577 2884 4600 
6247 626 1778 4631 513 3812 6572 4094 2884 4600 
6247 5385 1255 1341 3812 6572 952 2588 2884 4600 
6247 626 1778 4631 513 132 6540 48 2884 4600 
6247 5385 1255 1730 4028 1542 4903 5725 2457 193 1828 4600 
6247 5463 1341 178 2928 5709 6492 1723 2502 1357 4600 
6247 1778 4631 513 3812 5894 3039 5519 1394 193 1828 4600 
6247 6551 3703 1696 4173 3407 271 3102 5963 1828 4600 
6247 626 3469 5756 3764 4480 1332 4094 2884 4600 
6247 6551 2037 5683 59 3992 2322 4805 48 2884 4600 
6247 6551 4899 5385 1255 1341 3812 3039 3836 6597 1828 4600 
6247 6551 1696 4173 2998 5098 2614 1746 3932 1828 4600 
6247 626 6551 1696 3407 271 3102 5963 1828 4600 
6247 1778 4631 6336 1579 4052 1202 2304 5954 4309 676 4600 
6247 1778 1857 4631 513 3812 3039 5519 193 676 4600 
6247 5385 1255 1341 3812 957 3836 6597 676 1357 4600 
6247 6551 3703 4182 1416 3787 6248 957 3836 6597 1828 4600 
6247 5385 1255 1730 2512 2624 2228 2315 685 6008 5252 6065 3796 6557 751 3711 4473 1988 3690 5965 1205 5137 5437 676 4600 
6247 5385 1255 1730 2895 6154 1400 5327 2464 2549 4246 1094 4581 4879 3720 952 1434 1357 4600 
6247 1778 1857 707 3163 1998 4772 649 6758 952 1434 1357 4600 
6247 6551 5385 1255 1341 3812 1332 6572 4094 2884 4600 
6247 626 3469 2974 5454 3812 6572 1244 2884 4600 
6247 5385 1453 1067 3927 6769 3080 2781 6721 2588 2884 4600 
6247 5463 1341 1255 1730 6492 1723 2502 1357 5365 2884 4600 
6247 1778 106 2857 5638 6389 3629 3323 4454 3968 2786 4488 364 1434 1357 4600 
6247 626 3469 6315 2174 1801 4580 1723 4503 2502 1357 4600 
6247 6551 3703 6464 3992 6454 48 2799 2502 1357 4600 
6247 5463 1341 3812 5894 1759 1394 193 676 4600 
6247 5463 1341 3812 6572 4094 1244 2884 4600 
6247 5463 1341 4669 4294 6374 4726 5519 1394 3524 676 4600 
6247 6551 1696 1217 847 3608 6454 48 2884 4600 
6247 626 3469 2974 707 3163 3660 5940 4294 6758 952 1434 1357 4600 
6247 1778 4631 6280 2141 1767 4544 4246 1094 2885 4879 3720 952 676 4600 
6247 5463 1341 3812 6572 1244 2884 2588 952 676 4600 
6247 5385 1255 1341 3812 6572 1244 4094 2884 4600 
6247 1778 106 2857 847 3608 6454 48 2884 4600 
6247 5463 1341 3812 5454 2600 4320 6263 1422 4271 6253 4600 
6247 5385 6551 3703 6464 3992 3608 6454 48 2884 4600 
6247 5385 1255 1730 3446 5098 5879 4715 3059 5544 5437 676 4600 
6247 6551 5385 1255 1341 3812 1332 4094 2884 4600 
6247 5385 1255 1341 3812 5894 3039 3836 6597 676 4600 
6247 1778 4631 513 2174 4480 168 4094 2884 4600 
6247 6551 3703 59 2512 2207 3385 1731 4029 6006 1244 952 676 4600 
6247 5463 1341 3812 6572 952 2588 5365 1357 4600 
6247 5463 1341 3812 3039 3836 6597 1828 3548 4309 676 4600 
6247 5463 1341 3812 5894 1131 3908 6364 3524 676 4600 
6247 5385 4899 2037 5683 6500 1255 1341 3812 6572 1244 2884 4600 
6247 1778 4631 6336 1579 2770 2383 4763 3108 1909 276 952 676 4600 
6247 626 3469 6315 513 3812 6572 1244 2884 4600 
6247 626 3469 5756 1766 2061 3791 639 260 6358 6448 2304 5954 4309 676 4600 
6247 5385 6015 97 2552 1790 4273 1424 1504 5437 676 4600 
6247 5463 1341 178 2928 2552 1790 4273 1424 1504 5437 676 4600 
6247 5463 1341 3812 3039 5519 193 3548 1828 4600 
6247 5463 1341 3812 1332 4094 6572 1244 2884 4600 
6247 5463 1341 3812 3039 5519 193 676 1357 4600 
6247 1778 4631 513 3812 6572 4094 1244 2884 4600 
6247 1778 106 590 5348 2182 6127 5753 3266 6570 6650 1879 5376 616 1094 5954 4309 676 4600 
6247 5385 1255 1730 4028 1542 4903 1746 3932 3548 4309 676 1357 4600 
6247 1778 1857 707 3163 329 814 3080 2781 6721 2588 5365 1357 4600 
6247 5463 1341 3812 3039 5519 193 1828 3548 4309 676 4600 
6247 5385 2072 2561 5036 5926 4283 5553 1424 1504 5137 5437 676 4600 
6247 6551 3703 59 2512 4319 4692 3226 392 3747 4506 575 1205 5137 5437 676 4600 
6247 1778 1857 4631 513 3812 1332 4094 2884 4600 
6247 6551 3703 4182 6649 2998 5782 2799 2502 1357 4600 
6247 5385 6015 5640 6419 1948 4805 48 2884 4600 
6247 5385 4899 3741 3430 3046 5823 1059 3339 499 4436 5105 4476 6179 4532 901 2574 5835 6318 3558 5544 5437 676 4600 
6247 1778 4631 5801 5420 132 2196 4683 3029 193 1828 4600 
6247 6551 1696 3407 6262 1503 2614 1746 3932 1828 4600 
6247 5463 1341 1255 1730 6492 4843 4926 6083 1244 2884 4600 
6247 5463 1341 3812 3039 5329 491 1746 3932 3548 4309 676 4600 
6247 5463 1341 3812 3039 3836 2661 5437 676 4600 
6247 1778 4631 513 132 6618 322 1909 276 952 1434 1357 4600 
6247 626 3469 1812 4669 4294 6758 952 2588 1434 1357 4600 
6247 5385 1255 1341 3812 6572 1244 2884 5365 1357 4600 
6247 1778 4631 513 3812 3039 5519 193 6597 1828 4600 
6247 5463 1341 3812 6572 1244 2944 2457 193 1828 4600 
6247 5463 1341 1255 1730 6492 1723 2502 1357 4600 
6247 5385 6015 97 1255 1341 3812 1332 4094 2884 4600 
6247 626 3469 5756 3764 914 1400 4544 4247 5954 4309 676 4600 
6247 1778 1857 707 3163 329 814 3080 2781 6721 2588 952 676 4600 
6247 5385 1255 1730 2512 2624 2228 2315 5099 2615 4271 6253 4600 
6247 5385 1255 1730 5857 533 4467 1608 6071 4081 2080 453 534 3375 1094 5954 4309 676 4600 
6247 5463 1341 3812 3039 573 3029 6667 3909 4204 276 952 676 4600 
6247 5385 1255 1730 5857 533 4163 1316 2464 4947 4271 6253 4600 
6247 5385 2072 4936 97 2928 5709 6492 1723 2502 1357 4600 
6247 5463 1341 3812 3039 5519 193 276 952 676 4600 
6247 5385 6551 1696 4173 2998 5782 1645 2502 1357 4600 
6247 5385 6551 1696 3407 271 3102 5588 301 3132 676 1357 4600 
6247 6551 3703 59 5683 399 4512 3300 3385 1731 4029 6006 1244 2884 5365 1357 4600 
6247 626 1778 1857 5801 5420 2560 5034 3883 6721 2588 5365 1357 4600 
6247 1778 1857 6627 707 3163 1998 4772 649 6758 952 676 1357 4600 
6247 1778 1857 6627 3787 6248 3777 6540 48 2884 4600 
6247 1778 4631 513 132 6618 322 2013 4309 676 1357 4600 
6247 5385 1255 1341 3812 3039 1394 3524 4155 1309 5437 676 1357 4600 
6247 5385 1255 1730 5672 533 2799 2502 1357 676 4600 
6247 1778 1857 707 3163 5940 1998 4772 649 6758 952 676 4600 
6247 6551 3703 59 2895 6154 1400 4163 1316 5247 4947 4271 6253 4600 
6247 6551 1696 4173 5821 1057 6604 2464 5247 4947 4271 6253 4600 
6247 1778 4631 6336 3581 733 354 3102 5588 301 3132 676 4600 
6247 5385 1255 4588 1730 6492 1723 2502 1357 4600 
6247 626 3469 2974 5454 3812 3039 1394 193 676 4600 
6247 1778 3428 670 3124 5899 1961 814 3080 2781 6721 2588 952 676 4600 
6247 1778 3428 670 5801 5420 2560 5034 3883 6721 2588 5365 1357 4600 
6247 5385 1255 881 2576 4237 111 2457 6597 5437 676 4600 
6247 5385 6551 3703 4182 4942 822 1301 3775 3080 4772 649 6758 952 676 4600 
6247 5463 1341 3812 3039 573 3029 6667 3909 1945 6077 6758 952 676 4600 
6247 1778 3428 5801 5420 132 6540 48 2884 4600 
6247 5385 1255 1730 4028 1542 4903 5725 2944 3637 1976 1357 4600 
6247 1778 1857 707 3163 5940 1801 4580 1723 2502 1357 4600 
6247 1778 3428 5081 6201 2061 3791 3485 3872 6329 6667 3909 1945 276 952 676 1357 4600 
6247 6551 3703 59 2512 2130 3859 6318 5835 5544 5437 676 4600 
6247 5385 4899 3741 6500 399 2849 3233 2929 5710 6006 1244 952 1434 1357 4600 
6247 1778 3428 5081 6201 5821 1687 4544 4247 3569 5954 4309 676 1357 4600 
6247 5463 1341 1255 881 2576 903 271 3102 5963 1828 4600 
6247 626 1778 1857 5801 5420 132 6618 322 2013 4309 676 1357 4600 
6247 626 3469 6315 3351 1701 1332 4094 2884 4600 
6247 1778 3428 590 3346 4137 3843 6604 2464 4947 4271 6253 4600 
6247 626 3469 5756 4588 1730 4028 6492 1723 2502 1357 4600 
6247 6551 1696 3407 5879 5098 2614 1746 3932 1828 4600 
6247 1778 1857 5801 5420 132 6618 322 2013 4309 676 4600 
6247 1778 106 2857 1217 59 3992 6454 48 2884 4600 
6247 626 3469 1812 2974 5454 3812 3039 3836 6597 1828 4600 
6247 6551 5385 1255 1730 4028 6492 1723 2502 1357 676 4600 
6247 6551 3703 59 2512 2624 2228 2315 5099 2615 4271 6253 4600 
6247 1778 106 1217 847 3608 6454 48 2884 4600 
6247 5463 1341 3812 5894 1759 4535 4155 1309 5437 676 4600 
6247 6551 5385 1255 1730 6492 1723 2502 1357 676 4600 
6247 1778 1857 707 2974 5454 3812 6572 1244 2884 4600 
6247 6551 3703 1416 3787 6248 957 3836 6597 193 676 4600 
6247 5385 1255 1730 5672 6428 3587 2402 4129 5782 2990 4647 3973 2304 5954 4309 676 4600 
