NumVertices: 150
NumEdges: 3378
1 4 1 0.174351
2 11 1 0.167888
3 17 1 0.001973
4 29 1 0.247256
5 32 1 0.138260
6 34 1 0.116271
7 48 1 0.203959
8 64 1 0.054430
9 67 1 0.251877
10 70 1 0.178845
11 84 1 0.224338
12 87 1 0.057516
13 94 1 0.196447
14 101 1 0.115285
15 127 1 0.185656
16 10 2 0.217836
17 14 2 0.209820
18 22 2 0.248854
19 40 2 0.051892
20 44 2 0.206925
21 59 2 0.137313
22 60 2 0.052720
23 68 2 0.206341
24 74 2 0.180214
25 79 2 0.126278
26 80 2 0.062144
27 83 2 0.171429
28 90 2 0.187885
29 92 2 0.240936
30 100 2 0.114084
31 102 2 0.193499
32 106 2 0.169012
33 125 2 0.139856
34 131 2 0.160391
35 140 2 0.235662
36 149 2 0.161358
37 6 3 0.198456
38 13 3 0.210815
39 19 3 0.145389
40 20 3 0.197989
41 27 3 0.132064
42 31 3 0.115958
43 39 3 0.047079
44 56 3 0.097864
45 58 3 0.147783
46 61 3 0.201136
47 96 3 0.240951
48 99 3 0.111003
49 107 3 0.017041
50 111 3 0.250514
51 120 3 0.200386
52 121 3 0.167789
53 122 3 0.252071
54 123 3 0.060756
55 142 3 0.244356
56 143 3 0.059808
57 144 3 0.158683
58 145 3 0.229750
59 1 4 0.174351
60 5 4 0.163120
61 7 4 0.116338
62 11 4 0.122446
63 17 4 0.176011
64 29 4 0.190563
65 32 4 0.118974
66 48 4 0.032269
67 64 4 0.135769
68 72 4 0.209189
69 73 4 0.178365
70 75 4 0.170578
71 84 4 0.094670
72 87 4 0.225985
73 91 4 0.218453
74 101 4 0.204343
75 124 4 0.233790
76 127 4 0.250534
77 129 4 0.226618
78 146 4 0.237086
79 147 4 0.190702
80 4 5 0.163120
81 7 5 0.069266
82 15 5 0.152891
83 28 5 0.108435
84 29 5 0.187417
85 48 5 0.147953
86 56 5 0.251638
87 61 5 0.149311
88 65 5 0.152044
89 72 5 0.080276
90 73 5 0.121559
91 84 5 0.204882
92 91 5 0.070594
93 120 5 0.160073
94 121 5 0.195817
95 122 5 0.136980
96 124 5 0.203832
97 129 5 0.093780
98 134 5 0.129351
99 144 5 0.214892
100 145 5 0.136423
101 146 5 0.188256
102 147 5 0.148353
103 150 5 0.151690
104 3 6 0.198456
105 13 6 0.167073
106 19 6 0.145650
107 20 6 0.204455
108 27 6 0.074949
109 31 6 0.114266
110 36 6 0.231345
111 39 6 0.231328
112 43 6 0.188309
113 45 6 0.164351
114 49 6 0.233102
115 50 6 0.208623
116 51 6 0.218873
117 53 6 0.209138
118 54 6 0.201142
119 58 6 0.201748
120 76 6 0.209422
121 96 6 0.195716
122 99 6 0.110445
123 107 6 0.185619
124 111 6 0.080241
125 112 6 0.122940
126 115 6 0.123495
127 123 6 0.137700
128 130 6 0.194440
129 136 6 0.179208
130 142 6 0.051753
131 143 6 0.177946
132 4 7 0.116338
133 5 7 0.069266
134 11 7 0.237132
135 15 7 0.163504
136 28 7 0.162783
137 29 7 0.130136
138 32 7 0.235310
139 48 7 0.114196
140 61 7 0.216385
141 64 7 0.238164
142 65 7 0.149069
143 72 7 0.145082
144 73 7 0.079744
145 84 7 0.186020
146 91 7 0.139535
147 101 7 0.240299
148 120 7 0.224125
149 122 7 0.201218
150 124 7 0.242350
151 129 7 0.160419
152 134 7 0.183537
153 145 7 0.204369
154 146 7 0.149630
155 147 7 0.186710
156 150 7 0.174253
157 13 8 0.146292
158 18 8 0.233349
159 19 8 0.206688
160 20 8 0.147989
161 23 8 0.032177
162 31 8 0.251899
163 36 8 0.225407
164 43 8 0.166931
165 49 8 0.067777
166 54 8 0.100136
167 55 8 0.240697
168 57 8 0.229706
169 58 8 0.201361
170 66 8 0.204836
171 75 8 0.242294
172 85 8 0.118408
173 93 8 0.104410
174 95 8 0.215840
175 96 8 0.112785
176 111 8 0.241769
177 124 8 0.180845
178 126 8 0.215996
179 130 8 0.226236
180 133 8 0.230319
181 138 8 0.224817
182 141 8 0.219711
183 144 8 0.252286
184 147 8 0.236114
185 10 9 0.188027
186 36 9 0.184159
187 46 9 0.063730
188 53 9 0.192970
189 59 9 0.197466
190 62 9 0.018562
191 68 9 0.120162
192 76 9 0.233339
193 78 9 0.103520
194 95 9 0.182445
195 100 9 0.226296
196 102 9 0.130465
197 104 9 0.039677
198 130 9 0.208665
199 131 9 0.209337
200 136 9 0.200203
201 138 9 0.168095
202 149 9 0.163451
203 2 10 0.217836
204 9 10 0.188027
205 36 10 0.227230
206 40 10 0.225256
207 46 10 0.124565
208 57 10 0.245074
209 59 10 0.094053
210 60 10 0.176274
211 62 10 0.170652
212 68 10 0.103933
213 78 10 0.193713
214 79 10 0.212006
215 80 10 0.196129
216 83 10 0.217538
217 90 10 0.091797
218 95 10 0.143340
219 100 10 0.106239
220 102 10 0.130461
221 104 10 0.221533
222 106 10 0.086435
223 114 10 0.217019
224 126 10 0.169028
225 131 10 0.057479
226 133 10 0.185444
227 138 10 0.157426
228 140 10 0.237309
229 149 10 0.137585
230 1 11 0.167888
231 4 11 0.122446
232 7 11 0.237132
233 17 11 0.169836
234 32 11 0.029735
235 34 11 0.207427
236 48 11 0.125700
237 55 11 0.166693
238 64 11 0.113629
239 75 11 0.107073
240 84 11 0.083939
241 87 11 0.224491
242 94 11 0.168704
243 98 11 0.237466
244 127 11 0.139858
245 147 11 0.237701
246 18 12 0.126747
247 21 12 0.210869
248 24 12 0.113850
249 25 12 0.199538
250 30 12 0.229167
251 35 12 0.233550
252 38 12 0.208682
253 52 12 0.063207
254 55 12 0.219694
255 57 12 0.156726
256 66 12 0.149796
257 81 12 0.200965
258 82 12 0.080947
259 86 12 0.235536
260 89 12 0.063918
261 93 12 0.249881
262 98 12 0.133621
263 103 12 0.232428
264 105 12 0.249357
265 109 12 0.208271
266 114 12 0.204617
267 116 12 0.184947
268 117 12 0.189867
269 118 12 0.241643
270 119 12 0.114723
271 126 12 0.235153
272 128 12 0.170552
273 133 12 0.209683
274 137 12 0.126524
275 139 12 0.194924
276 140 12 0.247247
277 141 12 0.131426
278 3 13 0.210815
279 6 13 0.167073
280 8 13 0.146292
281 19 13 0.065498
282 20 13 0.051497
283 23 13 0.116154
284 27 13 0.129176
285 31 13 0.106554
286 36 13 0.215605
287 39 13 0.209132
288 43 13 0.137932
289 49 13 0.083384
290 54 13 0.064804
291 56 13 0.201928
292 58 13 0.091045
293 61 13 0.247162
294 85 13 0.145292
295 93 13 0.249044
296 96 13 0.033525
297 99 13 0.210071
298 107 13 0.193981
299 111 13 0.133971
300 112 13 0.247681
301 120 13 0.223988
302 123 13 0.176157
303 124 13 0.194250
304 130 13 0.192759
305 136 13 0.236667
306 142 13 0.165538
307 143 13 0.153301
308 144 13 0.175211
309 147 13 0.242963
310 2 14 0.209820
311 22 14 0.183329
312 26 14 0.085256
313 33 14 0.110335
314 38 14 0.194446
315 40 14 0.159875
316 44 14 0.105446
317 60 14 0.199668
318 69 14 0.066503
319 74 14 0.073362
320 77 14 0.251857
321 79 14 0.128276
322 80 14 0.170232
323 83 14 0.130753
324 86 14 0.230556
325 88 14 0.250960
326 92 14 0.095803
327 105 14 0.226318
328 108 14 0.207356
329 113 14 0.091809
330 114 14 0.223630
331 117 14 0.201148
332 125 14 0.145947
333 132 14 0.118205
334 140 14 0.162311
335 5 15 0.152891
336 7 15 0.163504
337 28 15 0.108756
338 29 15 0.168738
339 61 15 0.249602
340 65 15 0.031315
341 72 15 0.206977
342 73 15 0.114824
343 91 15 0.180939
344 121 15 0.244803
345 122 15 0.160597
346 129 15 0.210167
347 134 15 0.113753
348 145 15 0.186688
349 146 15 0.119431
350 150 15 0.028915
351 34 16 0.145438
352 35 16 0.242685
353 37 16 0.175592
354 42 16 0.091007
355 47 16 0.238173
356 63 16 0.157212
357 67 16 0.007295
358 70 16 0.083988
359 87 16 0.242395
360 94 16 0.189332
361 97 16 0.235577
362 127 16 0.215031
363 148 16 0.074399
364 1 17 0.001973
365 4 17 0.176011
366 11 17 0.169836
367 29 17 0.247502
368 32 17 0.140203
369 34 17 0.115913
370 48 17 0.205687
371 64 17 0.056394
372 67 17 0.251216
373 70 17 0.177963
374 84 17 0.226284
375 87 17 0.055546
376 94 17 0.197336
377 101 17 0.114307
378 127 17 0.186787
379 8 18 0.233349
380 12 18 0.126747
381 24 18 0.170696
382 52 18 0.139206
383 55 18 0.117412
384 57 18 0.118970
385 66 18 0.029878
386 75 18 0.214425
387 82 18 0.088447
388 89 18 0.117247
389 93 18 0.142152
390 98 18 0.067828
391 109 18 0.240389
392 119 18 0.185000
393 126 18 0.192483
394 133 18 0.176390
395 137 18 0.251837
396 141 18 0.032758
397 3 19 0.145389
398 6 19 0.145650
399 8 19 0.206688
400 13 19 0.065498
401 20 19 0.068815
402 23 19 0.175067
403 27 19 0.083783
404 31 19 0.048108
405 39 19 0.146889
406 43 19 0.190234
407 49 19 0.147758
408 54 19 0.130025
409 56 19 0.148508
410 58 19 0.057135
411 61 19 0.214850
412 85 19 0.173938
413 96 19 0.096808
414 99 19 0.155569
415 107 19 0.128516
416 111 19 0.147202
417 112 19 0.252005
418 120 19 0.196181
419 121 19 0.237666
420 123 19 0.113160
421 124 19 0.205435
422 130 19 0.236355
423 142 19 0.164601
424 143 19 0.088766
425 144 19 0.141903
426 147 19 0.243821
427 3 20 0.197989
428 6 20 0.204455
429 8 20 0.147989
430 13 20 0.051497
431 19 20 0.068815
432 23 20 0.115836
433 27 20 0.151190
434 31 20 0.116857
435 39 20 0.185161
436 43 20 0.185493
437 49 20 0.101678
438 54 20 0.099178
439 56 20 0.166779
440 58 20 0.054880
441 61 20 0.198592
442 72 20 0.244426
443 85 20 0.106474
444 93 20 0.251972
445 96 20 0.058135
446 99 20 0.224194
447 107 20 0.182374
448 111 20 0.182993
449 120 20 0.174435
450 121 20 0.244492
451 123 20 0.177895
452 124 20 0.146716
453 129 20 0.237314
454 130 20 0.242730
455 142 20 0.211228
456 143 20 0.138184
457 144 20 0.128569
458 147 20 0.192913
459 12 21 0.210869
460 24 21 0.125286
461 25 21 0.245529
462 30 21 0.093648
463 35 21 0.122909
464 37 21 0.168552
465 41 21 0.195732
466 63 21 0.178535
467 71 21 0.174546
468 81 21 0.164705
469 89 21 0.179947
470 98 21 0.249265
471 103 21 0.103756
472 109 21 0.114354
473 116 21 0.045593
474 118 21 0.181046
475 119 21 0.110234
476 128 21 0.116874
477 135 21 0.064996
478 137 21 0.210448
479 2 22 0.248854
480 14 22 0.183329
481 33 22 0.236089
482 40 22 0.227259
483 69 22 0.163226
484 74 22 0.240760
485 92 22 0.097551
486 113 22 0.236242
487 125 22 0.109243
488 132 22 0.084785
489 8 23 0.032177
490 13 23 0.116154
491 19 23 0.175067
492 20 23 0.115836
493 27 23 0.245286
494 31 23 0.220806
495 36 23 0.225019
496 43 23 0.158784
497 49 23 0.045048
498 54 23 0.078193
499 58 23 0.169409
500 66 23 0.234483
501 75 23 0.249655
502 85 23 0.099502
503 93 23 0.136501
504 95 23 0.228716
505 96 23 0.082939
506 111 23 0.221131
507 124 23 0.163912
508 126 23 0.245811
509 130 23 0.220568
510 138 23 0.234541
511 141 23 0.250296
512 144 23 0.223381
513 147 23 0.220058
514 12 24 0.113850
515 18 24 0.170696
516 21 24 0.125286
517 25 24 0.251109
518 30 24 0.186092
519 35 24 0.119827
520 37 24 0.186798
521 52 24 0.177027
522 55 24 0.200992
523 63 24 0.206196
524 66 24 0.200561
525 81 24 0.206961
526 82 24 0.179825
527 89 24 0.060829
528 94 24 0.226822
529 98 24 0.125221
530 103 24 0.193652
531 109 24 0.094576
532 116 24 0.085372
533 118 24 0.241302
534 119 24 0.019302
535 127 24 0.228973
536 128 24 0.156781
537 135 24 0.167503
538 137 24 0.186957
539 141 24 0.194431
540 12 25 0.199538
541 21 25 0.245529
542 24 25 0.251109
543 26 25 0.195238
544 30 25 0.180873
545 33 25 0.217643
546 38 25 0.097871
547 44 25 0.237762
548 52 25 0.197636
549 77 25 0.059819
550 81 25 0.091330
551 86 25 0.051959
552 88 25 0.098146
553 89 25 0.243104
554 103 25 0.174629
555 105 25 0.062645
556 108 25 0.093610
557 110 25 0.126146
558 113 25 0.211731
559 114 25 0.232135
560 117 25 0.171380
561 118 25 0.110407
562 119 25 0.235985
563 128 25 0.128910
564 137 25 0.073076
565 139 25 0.025081
566 140 25 0.223394
567 14 26 0.085256
568 25 26 0.195238
569 33 26 0.063717
570 38 26 0.121684
571 40 26 0.230391
572 44 26 0.108694
573 69 26 0.095849
574 74 26 0.108271
575 77 26 0.166601
576 79 26 0.174806
577 80 26 0.232481
578 83 26 0.153222
579 86 26 0.146230
580 88 26 0.167308
581 92 26 0.157431
582 105 26 0.141306
583 108 26 0.122322
584 110 26 0.188874
585 113 26 0.039219
586 114 26 0.203360
587 117 26 0.159255
588 125 26 0.231070
589 132 26 0.175351
590 137 26 0.234553
591 139 26 0.175615
592 140 26 0.147988
593 3 27 0.132064
594 6 27 0.074949
595 13 27 0.129176
596 19 27 0.083783
597 20 27 0.151190
598 23 27 0.245286
599 31 27 0.041694
600 39 27 0.159232
601 43 27 0.206192
602 45 27 0.239275
603 49 27 0.209407
604 54 27 0.182610
605 56 27 0.185961
606 58 27 0.134646
607 96 27 0.162391
608 99 27 0.082760
609 107 27 0.117158
610 111 27 0.118943
611 112 27 0.196125
612 115 27 0.196173
613 123 27 0.073877
614 130 27 0.232762
615 136 27 0.237392
616 142 27 0.113912
617 143 27 0.103472
618 144 27 0.206735
619 5 28 0.108435
620 7 28 0.162783
621 15 28 0.108756
622 29 28 0.237778
623 56 28 0.221534
624 61 28 0.144544
625 65 28 0.130297
626 72 28 0.119142
627 73 28 0.167271
628 91 28 0.090894
629 120 28 0.168956
630 121 28 0.137900
631 122 28 0.054014
632 129 28 0.115741
633 134 28 0.021082
634 144 28 0.216998
635 145 28 0.077963
636 146 28 0.208276
637 147 28 0.218197
638 150 28 0.087420
639 1 29 0.247256
640 4 29 0.190563
641 5 29 0.187417
642 7 29 0.130136
643 15 29 0.168738
644 17 29 0.247502
645 28 29 0.237778
646 48 29 0.208700
647 64 29 0.251606
648 65 29 0.138189
649 73 29 0.071517
650 101 29 0.170111
651 146 29 0.062364
652 150 29 0.194998
653 12 30 0.229167
654 21 30 0.093648
655 24 30 0.186092
656 25 30 0.180873
657 35 30 0.216204
658 41 30 0.153825
659 71 30 0.195526
660 77 30 0.217604
661 81 30 0.089944
662 86 30 0.229712
663 88 30 0.239631
664 89 30 0.223921
665 103 30 0.010151
666 105 30 0.236592
667 109 30 0.205432
668 110 30 0.247354
669 116 30 0.131519
670 118 30 0.092420
671 119 30 0.167051
672 128 30 0.067153
673 135 30 0.140944
674 137 30 0.172898
675 139 30 0.202930
676 3 31 0.115958
677 6 31 0.114266
678 8 31 0.251899
679 13 31 0.106554
680 19 31 0.048108
681 20 31 0.116857
682 23 31 0.220806
683 27 31 0.041694
684 39 31 0.132077
685 43 31 0.210375
686 49 31 0.189870
687 54 31 0.167619
688 56 31 0.150602
689 58 31 0.093637
690 61 31 0.234876
691 85 31 0.221111
692 96 31 0.139803
693 99 31 0.107477
694 107 31 0.099177
695 111 31 0.141238
696 112 31 0.231864
697 115 31 0.236980
698 120 31 0.220436
699 121 31 0.241349
700 123 31 0.070473
701 124 31 0.248299
702 130 31 0.246778
703 142 31 0.146220
704 143 31 0.071977
705 144 31 0.165612
706 1 32 0.138260
707 4 32 0.118974
708 7 32 0.235310
709 11 32 0.029735
710 17 32 0.140203
711 34 32 0.182178
712 48 32 0.129768
713 55 32 0.193146
714 64 32 0.084130
715 75 32 0.136587
716 84 32 0.104505
717 87 32 0.194766
718 94 32 0.159443
719 101 32 0.230060
720 127 32 0.132225
721 14 33 0.110335
722 22 33 0.236089
723 25 33 0.217643
724 26 33 0.063717
725 38 33 0.167421
726 44 33 0.169725
727 69 33 0.075539
728 74 33 0.160837
729 77 33 0.173423
730 79 33 0.226586
731 83 33 0.211965
732 86 33 0.165684
733 88 33 0.159426
734 92 33 0.140385
735 105 33 0.156050
736 108 33 0.127885
737 110 33 0.170544
738 113 33 0.025401
739 117 33 0.219864
740 125 33 0.241740
741 132 33 0.151539
742 139 33 0.203464
743 140 33 0.211678
744 1 34 0.116271
745 11 34 0.207427
746 16 34 0.145438
747 17 34 0.115913
748 32 34 0.182178
749 35 34 0.250479
750 37 34 0.199035
751 42 34 0.215001
752 63 34 0.193741
753 64 34 0.133165
754 67 34 0.138167
755 70 34 0.074192
756 87 34 0.116799
757 94 34 0.125878
758 101 34 0.216851
759 127 34 0.133489
760 148 34 0.180299
761 12 35 0.233550
762 16 35 0.242685
763 21 35 0.122909
764 24 35 0.119827
765 30 35 0.216204
766 34 35 0.250479
767 37 35 0.067097
768 42 35 0.202341
769 55 35 0.238625
770 63 35 0.086396
771 67 35 0.240436
772 71 35 0.227637
773 89 35 0.175678
774 94 35 0.136755
775 98 35 0.198826
776 103 35 0.226227
777 109 35 0.025280
778 116 35 0.089066
779 119 35 0.123362
780 127 35 0.152147
781 128 35 0.224121
782 135 35 0.109046
783 148 35 0.181918
784 6 36 0.231345
785 8 36 0.225407
786 9 36 0.184159
787 10 36 0.227230
788 13 36 0.215605
789 23 36 0.225019
790 43 36 0.078016
791 45 36 0.235984
792 46 36 0.183598
793 49 36 0.190012
794 50 36 0.234983
795 53 36 0.151923
796 54 36 0.170667
797 62 36 0.186641
798 68 36 0.245480
799 76 36 0.202161
800 78 36 0.080793
801 95 36 0.094137
802 96 36 0.208093
803 104 36 0.174110
804 111 36 0.153280
805 112 36 0.186247
806 130 36 0.037022
807 136 36 0.096579
808 138 36 0.072391
809 142 36 0.182236
810 16 37 0.175592
811 21 37 0.168552
812 24 37 0.186798
813 34 37 0.199035
814 35 37 0.067097
815 42 37 0.141605
816 63 37 0.021019
817 67 37 0.173403
818 70 37 0.204502
819 71 37 0.217585
820 89 37 0.241346
821 94 37 0.108521
822 109 37 0.092247
823 116 37 0.146494
824 119 37 0.190321
825 127 37 0.133778
826 135 37 0.128449
827 148 37 0.116850
828 12 38 0.208682
829 14 38 0.194446
830 25 38 0.097871
831 26 38 0.121684
832 33 38 0.167421
833 44 38 0.140250
834 52 38 0.176430
835 69 38 0.217503
836 74 38 0.172197
837 77 38 0.109212
838 79 38 0.221725
839 81 38 0.186062
840 82 38 0.230590
841 83 38 0.179803
842 86 38 0.073355
843 88 38 0.138094
844 105 38 0.081669
845 108 38 0.095493
846 110 38 0.170997
847 113 38 0.151547
848 114 38 0.149748
849 117 38 0.086614
850 118 38 0.208277
851 128 38 0.212889
852 137 38 0.115085
853 139 38 0.072948
854 140 38 0.128192
855 3 39 0.047079
856 6 39 0.231328
857 13 39 0.209132
858 19 39 0.146889
859 20 39 0.185161
860 27 39 0.159232
861 31 39 0.132077
862 56 39 0.052214
863 58 39 0.130827
864 61 39 0.154630
865 72 39 0.226501
866 91 39 0.230571
867 96 39 0.235539
868 99 39 0.155166
869 107 39 0.050102
870 120 39 0.155551
871 121 39 0.123201
872 122 39 0.207438
873 123 39 0.097764
874 124 39 0.246707
875 129 39 0.209976
876 143 39 0.060709
877 144 39 0.118730
878 145 39 0.183867
879 2 40 0.051892
880 10 40 0.225256
881 14 40 0.159875
882 22 40 0.227259
883 26 40 0.230391
884 44 40 0.157567
885 59 40 0.160845
886 60 40 0.050751
887 68 40 0.236393
888 69 40 0.217612
889 74 40 0.128745
890 79 40 0.080076
891 80 40 0.030984
892 83 40 0.126207
893 90 40 0.174049
894 92 40 0.201884
895 100 40 0.133144
896 102 40 0.229055
897 106 40 0.159006
898 113 40 0.249189
899 114 40 0.232937
900 125 40 0.120311
901 131 40 0.170383
902 132 40 0.220451
903 140 40 0.191689
904 149 40 0.199067
905 21 41 0.195732
906 30 41 0.153825
907 71 41 0.122024
908 81 41 0.223130
909 97 41 0.226164
910 103 41 0.153054
911 116 41 0.240834
912 118 41 0.198795
913 128 41 0.219682
914 135 41 0.188545
915 16 42 0.091007
916 34 42 0.215001
917 35 42 0.202341
918 37 42 0.141605
919 47 42 0.168650
920 63 42 0.120638
921 67 42 0.095357
922 70 42 0.169449
923 71 42 0.190395
924 94 42 0.206784
925 97 42 0.155681
926 109 42 0.226959
927 127 42 0.236102
928 135 42 0.193649
929 148 42 0.037738
930 6 43 0.188309
931 8 43 0.166931
932 13 43 0.137932
933 19 43 0.190234
934 20 43 0.185493
935 23 43 0.158784
936 27 43 0.206192
937 31 43 0.210375
938 36 43 0.078016
939 45 43 0.247485
940 49 43 0.118515
941 53 43 0.193211
942 54 43 0.094679
943 58 43 0.228685
944 76 43 0.235133
945 78 43 0.158748
946 85 43 0.245038
947 93 43 0.231158
948 95 43 0.138203
949 96 43 0.130471
950 104 43 0.250775
951 111 43 0.109133
952 112 43 0.189017
953 115 43 0.250468
954 130 43 0.062586
955 136 43 0.128892
956 138 43 0.126649
957 142 43 0.148377
958 2 44 0.206925
959 14 44 0.105446
960 25 44 0.237762
961 26 44 0.108694
962 33 44 0.169725
963 38 44 0.140250
964 40 44 0.157567
965 52 44 0.242175
966 59 44 0.252402
967 60 44 0.171734
968 69 44 0.164745
969 74 44 0.041476
970 77 44 0.235095
971 79 44 0.082123
972 80 44 0.147481
973 83 44 0.046562
974 86 44 0.203267
975 88 44 0.250508
976 90 44 0.171237
977 92 44 0.200595
978 100 44 0.225987
979 105 44 0.205586
980 106 44 0.175329
981 108 44 0.201021
982 113 44 0.144332
983 114 44 0.118503
984 117 44 0.107393
985 125 44 0.213676
986 131 44 0.230316
987 132 44 0.223270
988 137 44 0.245112
989 139 44 0.213051
990 140 44 0.057455
991 6 45 0.164351
992 27 45 0.239275
993 36 45 0.235984
994 43 45 0.247485
995 50 45 0.049151
996 51 45 0.093951
997 53 45 0.108682
998 76 45 0.070019
999 78 45 0.246252
1000 99 45 0.249793
1001 111 45 0.172267
1002 112 45 0.060003
1003 115 45 0.057130
1004 130 45 0.207606
1005 136 45 0.140125
1006 142 45 0.140906
1007 9 46 0.063730
1008 10 46 0.124565
1009 36 46 0.183598
1010 53 46 0.236832
1011 59 46 0.141531
1012 60 46 0.252213
1013 62 46 0.046088
1014 68 46 0.068879
1015 78 46 0.113355
1016 90 46 0.213858
1017 95 46 0.149429
1018 100 46 0.169779
1019 102 46 0.090956
1020 104 46 0.099804
1021 106 46 0.203528
1022 130 46 0.215658
1023 131 46 0.147337
1024 136 46 0.228321
1025 138 46 0.143020
1026 149 46 0.122840
1027 16 47 0.238173
1028 42 47 0.168650
1029 67 47 0.244918
1030 71 47 0.162328
1031 97 47 0.040297
1032 148 47 0.206337
1033 1 48 0.203959
1034 4 48 0.032269
1035 5 48 0.147953
1036 7 48 0.114196
1037 11 48 0.125700
1038 17 48 0.205687
1039 29 48 0.208700
1040 32 48 0.129768
1041 55 48 0.251820
1042 61 48 0.249705
1043 64 48 0.161886
1044 72 48 0.184188
1045 73 48 0.185754
1046 75 48 0.151696
1047 84 48 0.075458
1048 91 48 0.196305
1049 101 48 0.236280
1050 120 48 0.244564
1051 124 48 0.201539
1052 129 48 0.201464
1053 146 48 0.249494
1054 147 48 0.158812
1055 6 49 0.233102
1056 8 49 0.067777
1057 13 49 0.083384
1058 19 49 0.147758
1059 20 49 0.101678
1060 23 49 0.045048
1061 27 49 0.209407
1062 31 49 0.189870
1063 36 49 0.190012
1064 43 49 0.118515
1065 54 49 0.033295
1066 58 49 0.156250
1067 85 49 0.127777
1068 93 49 0.166743
1069 95 49 0.209236
1070 96 49 0.050970
1071 111 49 0.176292
1072 124 49 0.191106
1073 130 49 0.181064
1074 136 49 0.244344
1075 138 49 0.210675
1076 142 49 0.215978
1077 143 49 0.232842
1078 144 49 0.224769
1079 147 49 0.246786
1080 6 50 0.208623
1081 36 50 0.234983
1082 45 50 0.049151
1083 51 50 0.110668
1084 53 50 0.088174
1085 76 50 0.036432
1086 78 50 0.228769
1087 104 50 0.228587
1088 111 50 0.203443
1089 112 50 0.090981
1090 115 50 0.106048
1091 130 50 0.212514
1092 136 50 0.139485
1093 142 50 0.178248
1094 6 51 0.218873
1095 45 51 0.093951
1096 50 51 0.110668
1097 53 51 0.195344
1098 76 51 0.146334
1099 111 51 0.251918
1100 112 51 0.149359
1101 115 51 0.097563
1102 136 51 0.233893
1103 142 51 0.214139
1104 12 52 0.063207
1105 18 52 0.139206
1106 24 52 0.177027
1107 25 52 0.197636
1108 38 52 0.176430
1109 44 52 0.242175
1110 55 52 0.250675
1111 57 52 0.115052
1112 66 52 0.151762
1113 77 52 0.249963
1114 81 52 0.226215
1115 82 52 0.056118
1116 83 52 0.252467
1117 86 52 0.221164
1118 89 52 0.123937
1119 93 52 0.229903
1120 98 52 0.172276
1121 105 52 0.234674
1122 114 52 0.142543
1123 116 52 0.246201
1124 117 52 0.136594
1125 119 52 0.177585
1126 126 52 0.185143
1127 128 52 0.208615
1128 133 52 0.158519
1129 137 52 0.131494
1130 139 52 0.185384
1131 140 52 0.189239
1132 141 52 0.128244
1133 6 53 0.209138
1134 9 53 0.192970
1135 36 53 0.151923
1136 43 53 0.193211
1137 45 53 0.108682
1138 46 53 0.236832
1139 50 53 0.088174
1140 51 53 0.195344
1141 62 53 0.207962
1142 76 53 0.052360
1143 78 53 0.141017
1144 95 53 0.234344
1145 104 53 0.156831
1146 111 53 0.170182
1147 112 53 0.093976
1148 115 53 0.154342
1149 130 53 0.135942
1150 136 53 0.064352
1151 138 53 0.209589
1152 142 53 0.163081
1153 6 54 0.201142
1154 8 54 0.100136
1155 13 54 0.064804
1156 19 54 0.130025
1157 20 54 0.099178
1158 23 54 0.078193
1159 27 54 0.182610
1160 31 54 0.167619
1161 36 54 0.170667
1162 43 54 0.094679
1163 49 54 0.033295
1164 58 54 0.150283
1165 78 54 0.251108
1166 85 54 0.151376
1167 93 54 0.195063
1168 95 54 0.204338
1169 96 54 0.041057
1170 111 54 0.143003
1171 112 54 0.251930
1172 123 54 0.238052
1173 124 54 0.212202
1174 130 54 0.156667
1175 136 54 0.215804
1176 138 54 0.201870
1177 142 54 0.182723
1178 143 54 0.218105
1179 144 54 0.227420
1180 8 55 0.240697
1181 11 55 0.166693
1182 12 55 0.219694
1183 18 55 0.117412
1184 24 55 0.200992
1185 32 55 0.193146
1186 35 55 0.238625
1187 48 55 0.251820
1188 52 55 0.250675
1189 57 55 0.229650
1190 66 55 0.123857
1191 75 55 0.104240
1192 82 55 0.204676
1193 84 55 0.176727
1194 85 55 0.243261
1195 89 55 0.177329
1196 93 55 0.192414
1197 94 55 0.223544
1198 98 55 0.087479
1199 109 55 0.225024
1200 119 55 0.220094
1201 124 55 0.248640
1202 127 55 0.200997
1203 141 55 0.144305
1204 3 56 0.097864
1205 5 56 0.251638
1206 13 56 0.201928
1207 19 56 0.148508
1208 20 56 0.166779
1209 27 56 0.185961
1210 28 56 0.221534
1211 31 56 0.150602
1212 39 56 0.052214
1213 58 56 0.112946
1214 61 56 0.103442
1215 72 56 0.175409
1216 85 56 0.216607
1217 91 56 0.181444
1218 96 56 0.222753
1219 99 56 0.199571
1220 107 56 0.096337
1221 120 56 0.103344
1222 121 56 0.090902
1223 122 56 0.170779
1224 123 56 0.138219
1225 124 56 0.200743
1226 129 56 0.159253
1227 134 56 0.218557
1228 143 56 0.083126
1229 144 56 0.070942
1230 145 56 0.143572
1231 147 56 0.203425
1232 8 57 0.229706
1233 10 57 0.245074
1234 12 57 0.156726
1235 18 57 0.118970
1236 52 57 0.115052
1237 55 57 0.229650
1238 66 57 0.105794
1239 82 57 0.076259
1240 89 57 0.192600
1241 90 57 0.208550
1242 93 57 0.126991
1243 95 57 0.247519
1244 98 57 0.184117
1245 106 57 0.229872
1246 114 57 0.154415
1247 117 57 0.191657
1248 126 57 0.081523
1249 133 57 0.059858
1250 137 57 0.245255
1251 140 57 0.215704
1252 141 57 0.087152
1253 3 58 0.147783
1254 6 58 0.201748
1255 8 58 0.201361
1256 13 58 0.091045
1257 19 58 0.057135
1258 20 58 0.054880
1259 23 58 0.169409
1260 27 58 0.134646
1261 31 58 0.093637
1262 39 58 0.130827
1263 43 58 0.228685
1264 49 58 0.156250
1265 54 58 0.150283
1266 56 58 0.112946
1267 61 58 0.160917
1268 72 58 0.217681
1269 85 58 0.136726
1270 91 58 0.236476
1271 96 58 0.109809
1272 99 58 0.193574
1273 107 58 0.133304
1274 111 58 0.202103
1275 120 58 0.140542
1276 121 58 0.194974
1277 123 58 0.138786
1278 124 58 0.155336
1279 129 58 0.207432
1280 142 58 0.221574
1281 143 58 0.088933
1282 144 58 0.087597
1283 145 58 0.230718
1284 147 58 0.188925
1285 2 59 0.137313
1286 9 59 0.197466
1287 10 59 0.094053
1288 40 59 0.160845
1289 44 59 0.252402
1290 46 59 0.141531
1291 60 59 0.110704
1292 62 59 0.179130
1293 68 59 0.077541
1294 74 59 0.247342
1295 78 59 0.246137
1296 79 59 0.180881
1297 80 59 0.138264
1298 83 59 0.205919
1299 90 59 0.123157
1300 95 59 0.227894
1301 100 59 0.028853
1302 102 59 0.080205
1303 104 59 0.236868
1304 106 59 0.103121
1305 114 59 0.252190
1306 131 59 0.046319
1307 138 59 0.236561
1308 140 59 0.249339
1309 149 59 0.063899
1310 2 60 0.052720
1311 10 60 0.176274
1312 14 60 0.199668
1313 40 60 0.050751
1314 44 60 0.171734
1315 46 60 0.252213
1316 59 60 0.110704
1317 68 60 0.187167
1318 74 60 0.153358
1319 79 60 0.089902
1320 80 60 0.029436
1321 83 60 0.130579
1322 90 60 0.136006
1323 92 60 0.251065
1324 100 60 0.082614
1325 102 60 0.182188
1326 106 60 0.117968
1327 114 60 0.220696
1328 125 60 0.169467
1329 131 60 0.120400
1330 140 60 0.191539
1331 149 60 0.154007
1332 3 61 0.201136
1333 5 61 0.149311
1334 7 61 0.216385
1335 13 61 0.247162
1336 15 61 0.249602
1337 19 61 0.214850
1338 20 61 0.198592
1339 28 61 0.144544
1340 31 61 0.234876
1341 39 61 0.154630
1342 48 61 0.249705
1343 56 61 0.103442
1344 58 61 0.160917
1345 72 61 0.071974
1346 85 61 0.192833
1347 91 61 0.080592
1348 107 61 0.199563
1349 120 61 0.027114
1350 121 61 0.082718
1351 122 61 0.108627
1352 123 61 0.238807
1353 124 61 0.148161
1354 129 61 0.055966
1355 134 61 0.150152
1356 143 61 0.179078
1357 144 61 0.073341
1358 145 61 0.077861
1359 147 61 0.124534
1360 150 61 0.231390
1361 9 62 0.018562
1362 10 62 0.170652
1363 36 62 0.186641
1364 46 62 0.046088
1365 53 62 0.207962
1366 59 62 0.179130
1367 68 62 0.101986
1368 76 62 0.249777
1369 78 62 0.107345
1370 95 62 0.175433
1371 100 62 0.207942
1372 102 62 0.113805
1373 104 62 0.057753
1374 106 62 0.248749
1375 130 62 0.213593
1376 131 62 0.190827
1377 136 62 0.211030
1378 138 62 0.163217
1379 149 62 0.146968
1380 16 63 0.157212
1381 21 63 0.178535
1382 24 63 0.206196
1383 34 63 0.193741
1384 35 63 0.086396
1385 37 63 0.021019
1386 42 63 0.120638
1387 67 63 0.155473
1388 70 63 0.192071
1389 71 63 0.209014
1390 94 63 0.116445
1391 97 63 0.241005
1392 109 63 0.111676
1393 116 63 0.160773
1394 119 63 0.208850
1395 127 63 0.143702
1396 135 63 0.132037
1397 148 63 0.096144
1398 1 64 0.054430
1399 4 64 0.135769
1400 7 64 0.238164
1401 11 64 0.113629
1402 17 64 0.056394
1403 29 64 0.251606
1404 32 64 0.084130
1405 34 64 0.133165
1406 48 64 0.161886
1407 70 64 0.205191
1408 75 64 0.219030
1409 84 64 0.172240
1410 87 64 0.111666
1411 94 64 0.174046
1412 101 64 0.153362
1413 127 64 0.156334
1414 5 65 0.152044
1415 7 65 0.149069
1416 15 65 0.031315
1417 28 65 0.130297
1418 29 65 0.138189
1419 72 65 0.215552
1420 73 65 0.089416
1421 91 65 0.191462
1422 122 65 0.183844
1423 129 65 0.221097
1424 134 65 0.138708
1425 145 65 0.207680
1426 146 65 0.088218
1427 150 65 0.059699
1428 8 66 0.204836
1429 12 66 0.149796
1430 18 66 0.029878
1431 23 66 0.234483
1432 24 66 0.200561
1433 52 66 0.151762
1434 55 66 0.123857
1435 57 66 0.105794
1436 75 66 0.212136
1437 82 66 0.096746
1438 89 66 0.146457
1439 93 66 0.112274
1440 98 66 0.093447
1441 114 66 0.250822
1442 119 66 0.214738
1443 126 66 0.172164
1444 133 66 0.159056
1445 141 66 0.024333
1446 1 67 0.251877
1447 16 67 0.007295
1448 17 67 0.251216
1449 34 67 0.138167
1450 35 67 0.240436
1451 37 67 0.173403
1452 42 67 0.095357
1453 47 67 0.244918
1454 63 67 0.155473
1455 70 67 0.077513
1456 87 67 0.235780
1457 94 67 0.183563
1458 97 67 0.241764
1459 127 67 0.208950
1460 148 67 0.076130
1461 2 68 0.206341
1462 9 68 0.120162
1463 10 68 0.103933
1464 36 68 0.245480
1465 40 68 0.236393
1466 46 68 0.068879
1467 59 68 0.077541
1468 60 68 0.187167
1469 62 68 0.101986
1470 78 68 0.180860
1471 80 68 0.215360
1472 90 68 0.176575
1473 95 68 0.192378
1474 100 68 0.106390
1475 102 68 0.031255
1476 104 68 0.159719
1477 106 68 0.161110
1478 131 68 0.098198
1479 138 68 0.193382
1480 149 68 0.056779
1481 14 69 0.066503
1482 22 69 0.163226
1483 26 69 0.095849
1484 33 69 0.075539
1485 38 69 0.217503
1486 40 69 0.217612
1487 44 69 0.164745
1488 74 69 0.138331
1489 77 69 0.245696
1490 79 69 0.194582
1491 80 69 0.232189
1492 83 69 0.195740
1493 86 69 0.233150
1494 88 69 0.234510
1495 92 69 0.065955
1496 105 69 0.225304
1497 108 69 0.199616
1498 110 69 0.246000
1499 113 69 0.073026
1500 117 69 0.246600
1501 125 69 0.169318
1502 132 69 0.080697
1503 140 69 0.218693
1504 1 70 0.178845
1505 16 70 0.083988
1506 17 70 0.177963
1507 34 70 0.074192
1508 37 70 0.204502
1509 42 70 0.169449
1510 63 70 0.192071
1511 64 70 0.205191
1512 67 70 0.077513
1513 87 70 0.158465
1514 94 70 0.169188
1515 127 70 0.186625
1516 148 70 0.141985
1517 21 71 0.174546
1518 30 71 0.195526
1519 35 71 0.227637
1520 37 71 0.217585
1521 41 71 0.122024
1522 42 71 0.190395
1523 47 71 0.162328
1524 63 71 0.209014
1525 97 71 0.122287
1526 103 71 0.201143
1527 109 71 0.239003
1528 116 71 0.208191
1529 135 71 0.127920
1530 148 71 0.213501
1531 4 72 0.209189
1532 5 72 0.080276
1533 7 72 0.145082
1534 15 72 0.206977
1535 20 72 0.244426
1536 28 72 0.119142
1537 39 72 0.226501
1538 48 72 0.184188
1539 56 72 0.175409
1540 58 72 0.217681
1541 61 72 0.071974
1542 65 72 0.215552
1543 73 72 0.201075
1544 84 72 0.216443
1545 85 72 0.206320
1546 91 72 0.028275
1547 120 72 0.079847
1548 121 72 0.136554
1549 122 72 0.112228
1550 124 72 0.146505
1551 129 72 0.017442
1552 134 72 0.133963
1553 143 72 0.249172
1554 144 72 0.134616
1555 145 72 0.093528
1556 147 72 0.099441
1557 150 72 0.195551
1558 4 73 0.178365
1559 5 73 0.121559
1560 7 73 0.079744
1561 15 73 0.114824
1562 28 73 0.167271
1563 29 73 0.071517
1564 48 73 0.185754
1565 65 73 0.089416
1566 72 73 0.201075
1567 91 73 0.185874
1568 101 73 0.228390
1569 122 73 0.218000
1570 129 73 0.212886
1571 134 73 0.184204
1572 145 73 0.231919
1573 146 73 0.070373
1574 150 73 0.136455
1575 2 74 0.180214
1576 14 74 0.073362
1577 22 74 0.240760
1578 26 74 0.108271
1579 33 74 0.160837
1580 38 74 0.172197
1581 40 74 0.128745
1582 44 74 0.041476
1583 59 74 0.247342
1584 60 74 0.153358
1585 69 74 0.138331
1586 79 74 0.066658
1587 80 74 0.125785
1588 83 74 0.057489
1589 86 74 0.228235
1590 90 74 0.185708
1591 92 74 0.164764
1592 100 74 0.219315
1593 105 74 0.228392
1594 106 74 0.185046
1595 108 74 0.218647
1596 113 74 0.136515
1597 114 74 0.156984
1598 117 74 0.148668
1599 125 74 0.172537
1600 131 74 0.232577
1601 132 74 0.187650
1602 139 74 0.243563
1603 140 74 0.097270
1604 4 75 0.170578
1605 8 75 0.242294
1606 11 75 0.107073
1607 18 75 0.214425
1608 23 75 0.249655
1609 32 75 0.136587
1610 48 75 0.151696
1611 55 75 0.104240
1612 64 75 0.219030
1613 66 75 0.212136
1614 84 75 0.076567
1615 85 75 0.193636
1616 93 75 0.238901
1617 94 75 0.241847
1618 98 75 0.191496
1619 124 75 0.173937
1620 127 75 0.213154
1621 141 75 0.235614
1622 147 75 0.175141
1623 6 76 0.209422
1624 9 76 0.233339
1625 36 76 0.202161
1626 43 76 0.235133
1627 45 76 0.070019
1628 50 76 0.036432
1629 51 76 0.146334
1630 53 76 0.052360
1631 62 76 0.249777
1632 78 76 0.192428
1633 104 76 0.194848
1634 111 76 0.190214
1635 112 76 0.086524
1636 115 76 0.124863
1637 130 76 0.182358
1638 136 76 0.108780
1639 142 76 0.171673
1640 14 77 0.251857
1641 25 77 0.059819
1642 26 77 0.166601
1643 30 77 0.217604
1644 33 77 0.173423
1645 38 77 0.109212
1646 44 77 0.235095
1647 52 77 0.249963
1648 69 77 0.245696
1649 81 77 0.129887
1650 86 77 0.035948
1651 88 77 0.039053
1652 103 77 0.209597
1653 105 77 0.029587
1654 108 77 0.046102
1655 110 77 0.069980
1656 113 77 0.173143
1657 117 77 0.195011
1658 118 77 0.131217
1659 128 77 0.177281
1660 137 77 0.132081
1661 139 77 0.064672
1662 140 77 0.235328
1663 9 78 0.103520
1664 10 78 0.193713
1665 36 78 0.080793
1666 43 78 0.158748
1667 45 78 0.246252
1668 46 78 0.113355
1669 50 78 0.228769
1670 53 78 0.141017
1671 54 78 0.251108
1672 59 78 0.246137
1673 62 78 0.107345
1674 68 78 0.180860
1675 76 78 0.192428
1676 95 78 0.109124
1677 102 78 0.204293
1678 104 78 0.095426
1679 111 78 0.217638
1680 112 78 0.211627
1681 130 78 0.106282
1682 131 78 0.237996
1683 136 78 0.117260
1684 138 78 0.086522
1685 142 78 0.237287
1686 149 78 0.236085
1687 2 79 0.126278
1688 10 79 0.212006
1689 14 79 0.128276
1690 26 79 0.174806
1691 33 79 0.226586
1692 38 79 0.221725
1693 40 79 0.080076
1694 44 79 0.082123
1695 59 79 0.180881
1696 60 79 0.089902
1697 69 79 0.194582
1698 74 79 0.066658
1699 80 79 0.065537
1700 83 79 0.046131
1701 90 79 0.134417
1702 92 79 0.204430
1703 100 79 0.152720
1704 106 79 0.128439
1705 113 79 0.202689
1706 114 79 0.156300
1707 117 79 0.173973
1708 125 79 0.169076
1709 131 79 0.168778
1710 132 79 0.226627
1711 140 79 0.111653
1712 149 79 0.235763
1713 2 80 0.062144
1714 10 80 0.196129
1715 14 80 0.170232
1716 26 80 0.232481
1717 40 80 0.030984
1718 44 80 0.147481
1719 59 80 0.138264
1720 60 80 0.029436
1721 68 80 0.215360
1722 69 80 0.232189
1723 74 80 0.125785
1724 79 80 0.065537
1725 83 80 0.109663
1726 90 80 0.143140
1727 92 80 0.223841
1728 100 80 0.109652
1729 102 80 0.211353
1730 106 80 0.128039
1731 114 80 0.209378
1732 117 80 0.236254
1733 125 80 0.150479
1734 131 80 0.142519
1735 132 80 0.243603
1736 140 80 0.173540
1737 149 80 0.183423
1738 12 81 0.200965
1739 21 81 0.164705
1740 24 81 0.206961
1741 25 81 0.091330
1742 30 81 0.089944
1743 38 81 0.186062
1744 41 81 0.223130
1745 52 81 0.226215
1746 77 81 0.129887
1747 86 81 0.139797
1748 88 81 0.156515
1749 89 81 0.221421
1750 103 81 0.083342
1751 105 81 0.147017
1752 108 81 0.174407
1753 110 81 0.170637
1754 116 81 0.187530
1755 117 81 0.247456
1756 118 81 0.040727
1757 119 81 0.188569
1758 128 81 0.052958
1759 135 81 0.223376
1760 137 81 0.102020
1761 139 81 0.114330
1762 12 82 0.080947
1763 18 82 0.088447
1764 24 82 0.179825
1765 38 82 0.230590
1766 52 82 0.056118
1767 55 82 0.204676
1768 57 82 0.076259
1769 66 82 0.096746
1770 89 82 0.119483
1771 93 82 0.176594
1772 98 82 0.135698
1773 114 82 0.168423
1774 117 82 0.180108
1775 119 82 0.186264
1776 126 82 0.156455
1777 128 82 0.248989
1778 133 82 0.132162
1779 137 82 0.184377
1780 139 82 0.241290
1781 140 82 0.223903
1782 141 82 0.072762
1783 2 83 0.171429
1784 10 83 0.217538
1785 14 83 0.130753
1786 26 83 0.153222
1787 33 83 0.211965
1788 38 83 0.179803
1789 40 83 0.126207
1790 44 83 0.046562
1791 52 83 0.252467
1792 59 83 0.205919
1793 60 83 0.130579
1794 69 83 0.195740
1795 74 83 0.057489
1796 79 83 0.046131
1797 80 83 0.109663
1798 86 83 0.246589
1799 90 83 0.129543
1800 92 83 0.219797
1801 100 83 0.179726
1802 105 83 0.249856
1803 106 83 0.131118
1804 108 83 0.246860
1805 113 83 0.186794
1806 114 83 0.114188
1807 117 83 0.127848
1808 125 83 0.206384
1809 126 83 0.244099
1810 131 83 0.184148
1811 132 83 0.242661
1812 133 83 0.233519
1813 140 83 0.065572
1814 1 84 0.224338
1815 4 84 0.094670
1816 5 84 0.204882
1817 7 84 0.186020
1818 11 84 0.083939
1819 17 84 0.226284
1820 32 84 0.104505
1821 48 84 0.075458
1822 55 84 0.176727
1823 64 84 0.172240
1824 72 84 0.216443
1825 75 84 0.076567
1826 85 84 0.219250
1827 91 84 0.236007
1828 94 84 0.251020
1829 124 84 0.177294
1830 127 84 0.221765
1831 129 84 0.231996
1832 147 84 0.153874
1833 8 85 0.118408
1834 13 85 0.145292
1835 19 85 0.173938
1836 20 85 0.106474
1837 23 85 0.099502
1838 31 85 0.221111
1839 43 85 0.245038
1840 49 85 0.127777
1841 54 85 0.151376
1842 55 85 0.243261
1843 56 85 0.216607
1844 58 85 0.136726
1845 61 85 0.192833
1846 72 85 0.206320
1847 75 85 0.193636
1848 84 85 0.219250
1849 91 85 0.233901
1850 93 85 0.200172
1851 96 85 0.126144
1852 120 85 0.165913
1853 124 85 0.064523
1854 129 85 0.206945
1855 143 85 0.224239
1856 144 85 0.150598
1857 147 85 0.120719
1858 12 86 0.235536
1859 14 86 0.230556
1860 25 86 0.051959
1861 26 86 0.146230
1862 30 86 0.229712
1863 33 86 0.165684
1864 38 86 0.073355
1865 44 86 0.203267
1866 52 86 0.221164
1867 69 86 0.233150
1868 74 86 0.228235
1869 77 86 0.035948
1870 81 86 0.139797
1871 83 86 0.246589
1872 88 86 0.069183
1873 103 86 0.222752
1874 105 86 0.013835
1875 108 86 0.044325
1876 110 86 0.102177
1877 113 86 0.160234
1878 114 86 0.222303
1879 117 86 0.159074
1880 118 86 0.150700
1881 128 86 0.180625
1882 137 86 0.113927
1883 139 86 0.041891
1884 140 86 0.200239
1885 1 87 0.057516
1886 4 87 0.225985
1887 11 87 0.224491
1888 16 87 0.242395
1889 17 87 0.055546
1890 32 87 0.194766
1891 34 87 0.116799
1892 64 87 0.111666
1893 67 87 0.235780
1894 70 87 0.158465
1895 94 87 0.225774
1896 101 87 0.102569
1897 127 87 0.221495
1898 14 88 0.250960
1899 25 88 0.098146
1900 26 88 0.167308
1901 30 88 0.239631
1902 33 88 0.159426
1903 38 88 0.138094
1904 44 88 0.250508
1905 69 88 0.234510
1906 77 88 0.039053
1907 81 88 0.156515
1908 86 88 0.069183
1909 103 88 0.230805
1910 105 88 0.057415
1911 108 88 0.049499
1912 110 88 0.033156
1913 113 88 0.164786
1914 117 88 0.224682
1915 118 88 0.148612
1916 128 88 0.207118
1917 137 88 0.170896
1918 139 88 0.103451
1919 12 89 0.063918
1920 18 89 0.117247
1921 21 89 0.179947
1922 24 89 0.060829
1923 25 89 0.243104
1924 30 89 0.223921
1925 35 89 0.175678
1926 37 89 0.241346
1927 52 89 0.123937
1928 55 89 0.177329
1929 57 89 0.192600
1930 66 89 0.146457
1931 81 89 0.221421
1932 82 89 0.119483
1933 98 89 0.090769
1934 103 89 0.229710
1935 109 89 0.150623
1936 116 89 0.144180
1937 119 89 0.070511
1938 128 89 0.178726
1939 133 89 0.250896
1940 135 89 0.227364
1941 137 89 0.171705
1942 139 89 0.243534
1943 141 89 0.137019
1944 2 90 0.187885
1945 10 90 0.091797
1946 40 90 0.174049
1947 44 90 0.171237
1948 46 90 0.213858
1949 57 90 0.208550
1950 59 90 0.123157
1951 60 90 0.136006
1952 68 90 0.176575
1953 74 90 0.185708
1954 79 90 0.134417
1955 80 90 0.143140
1956 83 90 0.129543
1957 95 90 0.214441
1958 100 90 0.111334
1959 102 90 0.194042
1960 106 90 0.021550
1961 114 90 0.132630
1962 117 90 0.190062
1963 126 90 0.153793
1964 131 90 0.081041
1965 133 90 0.156848
1966 138 90 0.233893
1967 140 90 0.145739
1968 149 90 0.186082
1969 4 91 0.218453
1970 5 91 0.070594
1971 7 91 0.139535
1972 15 91 0.180939
1973 28 91 0.090894
1974 39 91 0.230571
1975 48 91 0.196305
1976 56 91 0.181444
1977 58 91 0.236476
1978 61 91 0.080592
1979 65 91 0.191462
1980 72 91 0.028275
1981 73 91 0.185874
1982 84 91 0.236007
1983 85 91 0.233901
1984 120 91 0.096040
1985 121 91 0.128203
1986 122 91 0.088561
1987 124 91 0.174667
1988 129 91 0.029641
1989 134 91 0.106128
1990 144 91 0.150610
1991 145 91 0.075368
1992 146 91 0.247142
1993 147 91 0.127442
1994 150 91 0.168227
1995 2 92 0.240936
1996 14 92 0.095803
1997 22 92 0.097551
1998 26 92 0.157431
1999 33 92 0.140385
2000 40 92 0.201884
2001 44 92 0.200595
2002 60 92 0.251065
2003 69 92 0.065955
2004 74 92 0.164764
2005 79 92 0.204430
2006 80 92 0.223841
2007 83 92 0.219797
2008 113 92 0.138838
2009 125 92 0.120625
2010 132 92 0.022896
2011 8 93 0.104410
2012 12 93 0.249881
2013 13 93 0.249044
2014 18 93 0.142152
2015 20 93 0.251972
2016 23 93 0.136501
2017 43 93 0.231158
2018 49 93 0.166743
2019 52 93 0.229903
2020 54 93 0.195063
2021 55 93 0.192414
2022 57 93 0.126991
2023 66 93 0.112274
2024 75 93 0.238901
2025 82 93 0.176594
2026 85 93 0.200172
2027 95 93 0.214186
2028 96 93 0.215611
2029 98 93 0.200440
2030 124 93 0.251561
2031 126 93 0.133773
2032 133 93 0.139817
2033 138 93 0.232729
2034 141 93 0.121526
2035 1 94 0.196447
2036 11 94 0.168704
2037 16 94 0.189332
2038 17 94 0.197336
2039 24 94 0.226822
2040 32 94 0.159443
2041 34 94 0.125878
2042 35 94 0.136755
2043 37 94 0.108521
2044 42 94 0.206784
2045 55 94 0.223544
2046 63 94 0.116445
2047 64 94 0.174046
2048 67 94 0.183563
2049 70 94 0.169188
2050 75 94 0.241847
2051 84 94 0.251020
2052 87 94 0.225774
2053 98 94 0.236230
2054 109 94 0.151570
2055 116 94 0.224910
2056 119 94 0.238675
2057 127 94 0.029423
2058 135 94 0.232518
2059 148 94 0.170332
2060 8 95 0.215840
2061 9 95 0.182445
2062 10 95 0.143340
2063 23 95 0.228716
2064 36 95 0.094137
2065 43 95 0.138203
2066 46 95 0.149429
2067 49 95 0.209236
2068 53 95 0.234344
2069 54 95 0.204338
2070 57 95 0.247519
2071 59 95 0.227894
2072 62 95 0.175433
2073 68 95 0.192378
2074 78 95 0.109124
2075 90 95 0.214441
2076 93 95 0.214186
2077 96 95 0.245395
2078 100 95 0.246495
2079 102 95 0.223157
2080 104 95 0.192690
2081 106 95 0.219078
2082 111 95 0.238824
2083 126 95 0.170907
2084 130 95 0.129318
2085 131 95 0.200066
2086 133 95 0.197620
2087 136 95 0.187528
2088 138 95 0.024772
2089 149 95 0.246896
2090 3 96 0.240951
2091 6 96 0.195716
2092 8 96 0.112785
2093 13 96 0.033525
2094 19 96 0.096808
2095 20 96 0.058135
2096 23 96 0.082939
2097 27 96 0.162391
2098 31 96 0.139803
2099 36 96 0.208093
2100 39 96 0.235539
2101 43 96 0.130471
2102 49 96 0.050970
2103 54 96 0.041057
2104 56 96 0.222753
2105 58 96 0.109809
2106 85 96 0.126144
2107 93 96 0.215611
2108 95 96 0.245395
2109 99 96 0.243564
2110 107 96 0.224332
2111 111 96 0.152400
2112 120 96 0.230658
2113 123 96 0.208955
2114 124 96 0.182016
2115 130 96 0.190335
2116 136 96 0.242901
2117 138 96 0.242694
2118 142 96 0.188013
2119 143 96 0.182295
2120 144 96 0.186528
2121 147 96 0.234380
2122 16 97 0.235577
2123 41 97 0.226164
2124 42 97 0.155681
2125 47 97 0.040297
2126 63 97 0.241005
2127 67 97 0.241764
2128 71 97 0.122287
2129 135 97 0.223478
2130 148 97 0.192120
2131 11 98 0.237466
2132 12 98 0.133621
2133 18 98 0.067828
2134 21 98 0.249265
2135 24 98 0.125221
2136 35 98 0.198826
2137 52 98 0.172276
2138 55 98 0.087479
2139 57 98 0.184117
2140 66 98 0.093447
2141 75 98 0.191496
2142 82 98 0.135698
2143 89 98 0.090769
2144 93 98 0.200440
2145 94 98 0.236230
2146 109 98 0.178499
2147 116 98 0.206286
2148 119 98 0.143011
2149 127 98 0.222603
2150 133 98 0.242856
2151 141 98 0.100345
2152 3 99 0.111003
2153 6 99 0.110445
2154 13 99 0.210071
2155 19 99 0.155569
2156 20 99 0.224194
2157 27 99 0.082760
2158 31 99 0.107477
2159 39 99 0.155166
2160 45 99 0.249793
2161 56 99 0.199571
2162 58 99 0.193574
2163 96 99 0.243564
2164 107 99 0.105158
2165 111 99 0.183724
2166 112 99 0.223955
2167 115 99 0.195863
2168 123 99 0.062554
2169 142 99 0.162095
2170 143 99 0.124100
2171 144 99 0.244045
2172 2 100 0.114084
2173 9 100 0.226296
2174 10 100 0.106239
2175 40 100 0.133144
2176 44 100 0.225987
2177 46 100 0.169779
2178 59 100 0.028853
2179 60 100 0.082614
2180 62 100 0.207942
2181 68 100 0.106390
2182 74 100 0.219315
2183 79 100 0.152720
2184 80 100 0.109652
2185 83 100 0.179726
2186 90 100 0.111334
2187 95 100 0.246495
2188 102 100 0.107228
2189 106 100 0.089971
2190 114 100 0.234495
2191 125 100 0.249077
2192 131 100 0.049752
2193 140 100 0.226471
2194 149 100 0.086149
2195 1 101 0.115285
2196 4 101 0.204343
2197 7 101 0.240299
2198 17 101 0.114307
2199 29 101 0.170111
2200 32 101 0.230060
2201 34 101 0.216851
2202 48 101 0.236280
2203 64 101 0.153362
2204 73 101 0.228390
2205 87 101 0.102569
2206 146 101 0.229401
2207 2 102 0.193499
2208 9 102 0.130465
2209 10 102 0.130461
2210 40 102 0.229055
2211 46 102 0.090956
2212 59 102 0.080205
2213 60 102 0.182188
2214 62 102 0.113805
2215 68 102 0.031255
2216 78 102 0.204293
2217 80 102 0.211353
2218 90 102 0.194042
2219 95 102 0.223157
2220 100 102 0.107228
2221 104 102 0.169814
2222 106 102 0.176501
2223 131 102 0.113175
2224 138 102 0.223294
2225 149 102 0.033216
2226 12 103 0.232428
2227 21 103 0.103756
2228 24 103 0.193652
2229 25 103 0.174629
2230 30 103 0.010151
2231 35 103 0.226227
2232 41 103 0.153054
2233 71 103 0.201143
2234 77 103 0.209597
2235 81 103 0.083342
2236 86 103 0.222752
2237 88 103 0.230805
2238 89 103 0.229710
2239 105 103 0.229252
2240 109 103 0.215231
2241 110 103 0.237933
2242 116 103 0.141173
2243 118 103 0.083034
2244 119 103 0.174505
2245 128 103 0.066635
2246 135 103 0.150687
2247 137 103 0.170461
2248 139 103 0.197185
2249 9 104 0.039677
2250 10 104 0.221533
2251 36 104 0.174110
2252 43 104 0.250775
2253 46 104 0.099804
2254 50 104 0.228587
2255 53 104 0.156831
2256 59 104 0.236868
2257 62 104 0.057753
2258 68 104 0.159719
2259 76 104 0.194848
2260 78 104 0.095426
2261 95 104 0.192690
2262 102 104 0.169814
2263 112 104 0.248580
2264 130 104 0.192677
2265 131 104 0.246988
2266 136 104 0.171998
2267 138 104 0.174327
2268 149 104 0.202649
2269 12 105 0.249357
2270 14 105 0.226318
2271 25 105 0.062645
2272 26 105 0.141306
2273 30 105 0.236592
2274 33 105 0.156050
2275 38 105 0.081669
2276 44 105 0.205586
2277 52 105 0.234674
2278 69 105 0.225304
2279 74 105 0.228392
2280 77 105 0.029587
2281 81 105 0.147017
2282 83 105 0.249856
2283 86 105 0.013835
2284 88 105 0.057415
2285 103 105 0.229252
2286 108 105 0.031346
2287 110 105 0.090571
2288 113 105 0.152279
2289 114 105 0.231380
2290 117 105 0.168181
2291 118 105 0.154523
2292 128 105 0.190032
2293 137 105 0.127347
2294 139 105 0.055345
2295 140 105 0.206271
2296 2 106 0.169012
2297 10 106 0.086435
2298 40 106 0.159006
2299 44 106 0.175329
2300 46 106 0.203528
2301 57 106 0.229872
2302 59 106 0.103121
2303 60 106 0.117968
2304 62 106 0.248749
2305 68 106 0.161110
2306 74 106 0.185046
2307 79 106 0.128439
2308 80 106 0.128039
2309 83 106 0.131118
2310 90 106 0.021550
2311 95 106 0.219078
2312 100 106 0.089971
2313 102 106 0.176501
2314 114 106 0.150006
2315 117 106 0.204979
2316 126 106 0.173089
2317 131 106 0.063485
2318 133 106 0.177434
2319 138 106 0.237006
2320 140 106 0.156448
2321 149 106 0.166606
2322 3 107 0.017041
2323 6 107 0.185619
2324 13 107 0.193981
2325 19 107 0.128516
2326 20 107 0.182374
2327 27 107 0.117158
2328 31 107 0.099177
2329 39 107 0.050102
2330 56 107 0.096337
2331 58 107 0.133304
2332 61 107 0.199563
2333 96 107 0.224332
2334 99 107 0.105158
2335 111 107 0.235015
2336 120 107 0.196531
2337 121 107 0.173279
2338 123 107 0.048831
2339 142 107 0.230296
2340 143 107 0.044483
2341 144 107 0.151711
2342 145 107 0.233795
2343 14 108 0.207356
2344 25 108 0.093610
2345 26 108 0.122322
2346 33 108 0.127885
2347 38 108 0.095493
2348 44 108 0.201021
2349 69 108 0.199616
2350 74 108 0.218647
2351 77 108 0.046102
2352 81 108 0.174407
2353 83 108 0.246860
2354 86 108 0.044325
2355 88 108 0.049499
2356 105 108 0.031346
2357 110 108 0.079432
2358 113 108 0.127045
2359 114 108 0.242918
2360 117 108 0.180682
2361 118 108 0.177318
2362 128 108 0.219526
2363 137 108 0.158233
2364 139 108 0.086210
2365 140 108 0.210423
2366 12 109 0.208271
2367 18 109 0.240389
2368 21 109 0.114354
2369 24 109 0.094576
2370 30 109 0.205432
2371 35 109 0.025280
2372 37 109 0.092247
2373 42 109 0.226959
2374 55 109 0.225024
2375 63 109 0.111676
2376 71 109 0.239003
2377 89 109 0.150623
2378 94 109 0.151570
2379 98 109 0.178499
2380 103 109 0.215231
2381 116 109 0.074468
2382 119 109 0.098706
2383 127 109 0.163202
2384 128 109 0.206779
2385 135 109 0.114651
2386 148 109 0.207132
2387 25 110 0.126146
2388 26 110 0.188874
2389 30 110 0.247354
2390 33 110 0.170544
2391 38 110 0.170997
2392 69 110 0.246000
2393 77 110 0.069980
2394 81 110 0.170637
2395 86 110 0.102177
2396 88 110 0.033156
2397 103 110 0.237933
2398 105 110 0.090571
2399 108 110 0.079432
2400 113 110 0.180270
2401 118 110 0.154936
2402 128 110 0.223065
2403 137 110 0.199193
2404 139 110 0.134548
2405 3 111 0.250514
2406 6 111 0.080241
2407 8 111 0.241769
2408 13 111 0.133971
2409 19 111 0.147202
2410 20 111 0.182993
2411 23 111 0.221131
2412 27 111 0.118943
2413 31 111 0.141238
2414 36 111 0.153280
2415 43 111 0.109133
2416 45 111 0.172267
2417 49 111 0.176292
2418 50 111 0.203443
2419 51 111 0.251918
2420 53 111 0.170182
2421 54 111 0.143003
2422 58 111 0.202103
2423 76 111 0.190214
2424 78 111 0.217638
2425 95 111 0.238824
2426 96 111 0.152400
2427 99 111 0.183724
2428 107 111 0.235015
2429 112 111 0.113871
2430 115 111 0.156233
2431 123 111 0.192759
2432 130 111 0.116974
2433 136 111 0.121142
2434 138 111 0.221737
2435 142 111 0.041509
2436 143 111 0.213212
2437 6 112 0.122940
2438 13 112 0.247681
2439 19 112 0.252005
2440 27 112 0.196125
2441 31 112 0.231864
2442 36 112 0.186247
2443 43 112 0.189017
2444 45 112 0.060003
2445 50 112 0.090981
2446 51 112 0.149359
2447 53 112 0.093976
2448 54 112 0.251930
2449 76 112 0.086524
2450 78 112 0.211627
2451 99 112 0.223955
2452 104 112 0.248580
2453 111 112 0.113871
2454 115 112 0.071402
2455 130 112 0.154464
2456 136 112 0.095899
2457 142 112 0.087433
2458 14 113 0.091809
2459 22 113 0.236242
2460 25 113 0.211731
2461 26 113 0.039219
2462 33 113 0.025401
2463 38 113 0.151547
2464 40 113 0.249189
2465 44 113 0.144332
2466 69 113 0.073026
2467 74 113 0.136515
2468 77 113 0.173143
2469 79 113 0.202689
2470 83 113 0.186794
2471 86 113 0.160234
2472 88 113 0.164786
2473 92 113 0.138838
2474 105 113 0.152279
2475 108 113 0.127045
2476 110 113 0.180270
2477 114 113 0.242575
2478 117 113 0.197600
2479 125 113 0.230444
2480 132 113 0.153292
2481 139 113 0.195215
2482 140 113 0.186767
2483 10 114 0.217019
2484 12 114 0.204617
2485 14 114 0.223630
2486 25 114 0.232135
2487 26 114 0.203360
2488 38 114 0.149748
2489 40 114 0.232937
2490 44 114 0.118503
2491 52 114 0.142543
2492 57 114 0.154415
2493 59 114 0.252190
2494 60 114 0.220696
2495 66 114 0.250822
2496 74 114 0.156984
2497 79 114 0.156300
2498 80 114 0.209378
2499 82 114 0.168423
2500 83 114 0.114188
2501 86 114 0.222303
2502 90 114 0.132630
2503 100 114 0.234495
2504 105 114 0.231380
2505 106 114 0.150006
2506 108 114 0.242918
2507 113 114 0.242575
2508 117 114 0.063239
2509 126 114 0.159280
2510 131 114 0.213159
2511 133 114 0.140311
2512 137 114 0.202928
2513 139 114 0.208721
2514 140 114 0.061330
2515 141 114 0.227639
2516 6 115 0.123495
2517 27 115 0.196173
2518 31 115 0.236980
2519 43 115 0.250468
2520 45 115 0.057130
2521 50 115 0.106048
2522 51 115 0.097563
2523 53 115 0.154342
2524 76 115 0.124863
2525 99 115 0.195863
2526 111 115 0.156233
2527 112 115 0.071402
2528 123 115 0.245471
2529 130 115 0.223416
2530 136 115 0.167249
2531 142 115 0.117150
2532 12 116 0.184947
2533 21 116 0.045593
2534 24 116 0.085372
2535 30 116 0.131519
2536 35 116 0.089066
2537 37 116 0.146494
2538 41 116 0.240834
2539 52 116 0.246201
2540 63 116 0.160773
2541 71 116 0.208191
2542 81 116 0.187530
2543 89 116 0.144180
2544 94 116 0.224910
2545 98 116 0.206286
2546 103 116 0.141173
2547 109 116 0.074468
2548 118 116 0.210975
2549 119 116 0.073902
2550 127 116 0.237628
2551 128 116 0.135330
2552 135 116 0.083573
2553 137 116 0.211437
2554 148 116 0.246738
2555 12 117 0.189867
2556 14 117 0.201148
2557 25 117 0.171380
2558 26 117 0.159255
2559 33 117 0.219864
2560 38 117 0.086614
2561 44 117 0.107393
2562 52 117 0.136594
2563 57 117 0.191657
2564 69 117 0.246600
2565 74 117 0.148668
2566 77 117 0.195011
2567 79 117 0.173973
2568 80 117 0.236254
2569 81 117 0.247456
2570 82 117 0.180108
2571 83 117 0.127848
2572 86 117 0.159074
2573 88 117 0.224682
2574 90 117 0.190062
2575 105 117 0.168181
2576 106 117 0.204979
2577 108 117 0.180682
2578 113 117 0.197600
2579 114 117 0.063239
2580 126 117 0.215159
2581 133 117 0.193015
2582 137 117 0.152655
2583 139 117 0.147274
2584 140 117 0.062719
2585 141 117 0.249191
2586 12 118 0.241643
2587 21 118 0.181046
2588 24 118 0.241302
2589 25 118 0.110407
2590 30 118 0.092420
2591 38 118 0.208277
2592 41 118 0.198795
2593 77 118 0.131217
2594 81 118 0.040727
2595 86 118 0.150700
2596 88 118 0.148612
2597 103 118 0.083034
2598 105 118 0.154523
2599 108 118 0.177318
2600 110 118 0.154936
2601 116 118 0.210975
2602 119 118 0.222400
2603 128 118 0.084524
2604 135 118 0.233206
2605 137 118 0.139075
2606 139 118 0.135382
2607 12 119 0.114723
2608 18 119 0.185000
2609 21 119 0.110234
2610 24 119 0.019302
2611 25 119 0.235985
2612 30 119 0.167051
2613 35 119 0.123362
2614 37 119 0.190321
2615 52 119 0.177585
2616 55 119 0.220094
2617 63 119 0.208850
2618 66 119 0.214738
2619 81 119 0.188569
2620 82 119 0.186264
2621 89 119 0.070511
2622 94 119 0.238675
2623 98 119 0.143011
2624 103 119 0.174505
2625 109 119 0.098706
2626 116 119 0.073902
2627 118 119 0.222400
2628 127 119 0.242633
2629 128 119 0.137916
2630 135 119 0.157390
2631 137 119 0.174179
2632 139 119 0.243631
2633 141 119 0.207020
2634 3 120 0.200386
2635 5 120 0.160073
2636 7 120 0.224125
2637 13 120 0.223988
2638 19 120 0.196181
2639 20 120 0.174435
2640 28 120 0.168956
2641 31 120 0.220436
2642 39 120 0.155551
2643 48 120 0.244564
2644 56 120 0.103344
2645 58 120 0.140542
2646 61 120 0.027114
2647 72 120 0.079847
2648 85 120 0.165913
2649 91 120 0.096040
2650 96 120 0.230658
2651 107 120 0.196531
2652 121 120 0.104807
2653 122 120 0.135442
2654 123 120 0.231896
2655 124 120 0.123479
2656 129 120 0.067465
2657 134 120 0.175857
2658 143 120 0.170646
2659 144 120 0.054977
2660 145 120 0.104861
2661 147 120 0.106636
2662 3 121 0.167789
2663 5 121 0.195817
2664 15 121 0.244803
2665 19 121 0.237666
2666 20 121 0.244492
2667 28 121 0.137900
2668 31 121 0.241349
2669 39 121 0.123201
2670 56 121 0.090902
2671 58 121 0.194974
2672 61 121 0.082718
2673 72 121 0.136554
2674 91 121 0.128203
2675 107 121 0.173279
2676 120 121 0.104807
2677 122 121 0.084334
2678 123 121 0.220601
2679 124 121 0.228152
2680 129 121 0.119401
2681 134 121 0.131277
2682 143 121 0.172100
2683 144 121 0.120085
2684 145 121 0.063758
2685 147 121 0.207173
2686 150 121 0.219989
2687 3 122 0.252071
2688 5 122 0.136980
2689 7 122 0.201218
2690 15 122 0.160597
2691 28 122 0.054014
2692 39 122 0.207438
2693 56 122 0.170779
2694 61 122 0.108627
2695 65 122 0.183844
2696 72 122 0.112228
2697 73 122 0.218000
2698 91 122 0.088561
2699 120 122 0.135442
2700 121 122 0.084334
2701 124 122 0.247261
2702 129 122 0.101344
2703 134 122 0.047778
2704 144 122 0.176212
2705 145 122 0.031253
2706 147 122 0.208482
2707 150 122 0.136456
2708 3 123 0.060756
2709 6 123 0.137700
2710 13 123 0.176157
2711 19 123 0.113160
2712 20 123 0.177895
2713 27 123 0.073877
2714 31 123 0.070473
2715 39 123 0.097764
2716 54 123 0.238052
2717 56 123 0.138219
2718 58 123 0.138786
2719 61 123 0.238807
2720 96 123 0.208955
2721 99 123 0.062554
2722 107 123 0.048831
2723 111 123 0.192759
2724 115 123 0.245471
2725 120 123 0.231896
2726 121 123 0.220601
2727 142 123 0.184083
2728 143 123 0.061764
2729 144 123 0.181817
2730 4 124 0.233790
2731 5 124 0.203832
2732 7 124 0.242350
2733 8 124 0.180845
2734 13 124 0.194250
2735 19 124 0.205435
2736 20 124 0.146716
2737 23 124 0.163912
2738 31 124 0.248299
2739 39 124 0.246707
2740 48 124 0.201539
2741 49 124 0.191106
2742 54 124 0.212202
2743 55 124 0.248640
2744 56 124 0.200743
2745 58 124 0.155336
2746 61 124 0.148161
2747 72 124 0.146505
2748 75 124 0.173937
2749 84 124 0.177294
2750 85 124 0.064523
2751 91 124 0.174667
2752 93 124 0.251561
2753 96 124 0.182016
2754 120 124 0.123479
2755 121 124 0.228152
2756 122 124 0.247261
2757 129 124 0.149817
2758 143 124 0.232203
2759 144 124 0.129806
2760 145 124 0.219847
2761 147 124 0.056196
2762 2 125 0.139856
2763 14 125 0.145947
2764 22 125 0.109243
2765 26 125 0.231070
2766 33 125 0.241740
2767 40 125 0.120311
2768 44 125 0.213676
2769 60 125 0.169467
2770 69 125 0.169318
2771 74 125 0.172537
2772 79 125 0.169076
2773 80 125 0.150479
2774 83 125 0.206384
2775 92 125 0.120625
2776 100 125 0.249077
2777 113 125 0.230444
2778 132 125 0.129998
2779 8 126 0.215996
2780 10 126 0.169028
2781 12 126 0.235153
2782 18 126 0.192483
2783 23 126 0.245811
2784 52 126 0.185143
2785 57 126 0.081523
2786 66 126 0.172164
2787 82 126 0.156455
2788 83 126 0.244099
2789 90 126 0.153793
2790 93 126 0.133773
2791 95 126 0.170907
2792 106 126 0.173089
2793 114 126 0.159280
2794 117 126 0.215159
2795 131 126 0.207572
2796 133 126 0.026837
2797 138 126 0.195595
2798 140 126 0.215517
2799 141 126 0.159741
2800 1 127 0.185656
2801 4 127 0.250534
2802 11 127 0.139858
2803 16 127 0.215031
2804 17 127 0.186787
2805 24 127 0.228973
2806 32 127 0.132225
2807 34 127 0.133489
2808 35 127 0.152147
2809 37 127 0.133778
2810 42 127 0.236102
2811 55 127 0.200997
2812 63 127 0.143702
2813 64 127 0.156334
2814 67 127 0.208950
2815 70 127 0.186625
2816 75 127 0.213154
2817 84 127 0.221765
2818 87 127 0.221495
2819 94 127 0.029423
2820 98 127 0.222603
2821 109 127 0.163202
2822 116 127 0.237628
2823 119 127 0.242633
2824 148 127 0.199502
2825 12 128 0.170552
2826 21 128 0.116874
2827 24 128 0.156781
2828 25 128 0.128910
2829 30 128 0.067153
2830 35 128 0.224121
2831 38 128 0.212889
2832 41 128 0.219682
2833 52 128 0.208615
2834 77 128 0.177281
2835 81 128 0.052958
2836 82 128 0.248989
2837 86 128 0.180625
2838 88 128 0.207118
2839 89 128 0.178726
2840 103 128 0.066635
2841 105 128 0.190032
2842 108 128 0.219526
2843 109 128 0.206779
2844 110 128 0.223065
2845 116 128 0.135330
2846 118 128 0.084524
2847 119 128 0.137916
2848 135 128 0.179182
2849 137 128 0.106881
2850 139 128 0.147366
2851 4 129 0.226618
2852 5 129 0.093780
2853 7 129 0.160419
2854 15 129 0.210167
2855 20 129 0.237314
2856 28 129 0.115741
2857 39 129 0.209976
2858 48 129 0.201464
2859 56 129 0.159253
2860 58 129 0.207432
2861 61 129 0.055966
2862 65 129 0.221097
2863 72 129 0.017442
2864 73 129 0.212886
2865 84 129 0.231996
2866 85 129 0.206945
2867 91 129 0.029641
2868 120 129 0.067465
2869 121 129 0.119401
2870 122 129 0.101344
2871 124 129 0.149817
2872 134 129 0.128394
2873 143 129 0.234487
2874 144 129 0.122396
2875 145 129 0.079624
2876 147 129 0.107262
2877 150 129 0.196510
2878 6 130 0.194440
2879 8 130 0.226236
2880 9 130 0.208665
2881 13 130 0.192759
2882 19 130 0.236355
2883 20 130 0.242730
2884 23 130 0.220568
2885 27 130 0.232762
2886 31 130 0.246778
2887 36 130 0.037022
2888 43 130 0.062586
2889 45 130 0.207606
2890 46 130 0.215658
2891 49 130 0.181064
2892 50 130 0.212514
2893 53 130 0.135942
2894 54 130 0.156667
2895 62 130 0.213593
2896 76 130 0.182358
2897 78 130 0.106282
2898 95 130 0.129318
2899 96 130 0.190335
2900 104 130 0.192677
2901 111 130 0.116974
2902 112 130 0.154464
2903 115 130 0.223416
2904 136 130 0.073579
2905 138 130 0.108771
2906 142 130 0.145214
2907 2 131 0.160391
2908 9 131 0.209337
2909 10 131 0.057479
2910 40 131 0.170383
2911 44 131 0.230316
2912 46 131 0.147337
2913 59 131 0.046319
2914 60 131 0.120400
2915 62 131 0.190827
2916 68 131 0.098198
2917 74 131 0.232577
2918 78 131 0.237996
2919 79 131 0.168778
2920 80 131 0.142519
2921 83 131 0.184148
2922 90 131 0.081041
2923 95 131 0.200066
2924 100 131 0.049752
2925 102 131 0.113175
2926 104 131 0.246988
2927 106 131 0.063485
2928 114 131 0.213159
2929 126 131 0.207572
2930 133 131 0.218681
2931 138 131 0.212656
2932 140 131 0.218184
2933 149 131 0.106066
2934 14 132 0.118205
2935 22 132 0.084785
2936 26 132 0.175351
2937 33 132 0.151539
2938 40 132 0.220451
2939 44 132 0.223270
2940 69 132 0.080697
2941 74 132 0.187650
2942 79 132 0.226627
2943 80 132 0.243603
2944 83 132 0.242661
2945 92 132 0.022896
2946 113 132 0.153292
2947 125 132 0.129998
2948 8 133 0.230319
2949 10 133 0.185444
2950 12 133 0.209683
2951 18 133 0.176390
2952 52 133 0.158519
2953 57 133 0.059858
2954 66 133 0.159056
2955 82 133 0.132162
2956 83 133 0.233519
2957 89 133 0.250896
2958 90 133 0.156848
2959 93 133 0.139817
2960 95 133 0.197620
2961 98 133 0.242856
2962 106 133 0.177434
2963 114 133 0.140311
2964 117 133 0.193015
2965 126 133 0.026837
2966 131 133 0.218681
2967 138 133 0.222332
2968 140 133 0.198971
2969 141 133 0.143788
2970 5 134 0.129351
2971 7 134 0.183537
2972 15 134 0.113753
2973 28 134 0.021082
2974 56 134 0.218557
2975 61 134 0.150152
2976 65 134 0.138708
2977 72 134 0.133963
2978 73 134 0.184204
2979 91 134 0.106128
2980 120 134 0.175857
2981 121 134 0.131277
2982 122 134 0.047778
2983 129 134 0.128394
2984 144 134 0.220833
2985 145 134 0.076971
2986 146 134 0.220675
2987 147 134 0.233404
2988 150 134 0.088805
2989 21 135 0.064996
2990 24 135 0.167503
2991 30 135 0.140944
2992 35 135 0.109046
2993 37 135 0.128449
2994 41 135 0.188545
2995 42 135 0.193649
2996 63 135 0.132037
2997 71 135 0.127920
2998 81 135 0.223376
2999 89 135 0.227364
3000 94 135 0.232518
3001 97 135 0.223478
3002 103 135 0.150687
3003 109 135 0.114651
3004 116 135 0.083573
3005 118 135 0.233206
3006 119 135 0.157390
3007 128 135 0.179182
3008 148 135 0.193703
3009 6 136 0.179208
3010 9 136 0.200203
3011 13 136 0.236667
3012 27 136 0.237392
3013 36 136 0.096579
3014 43 136 0.128892
3015 45 136 0.140125
3016 46 136 0.228321
3017 49 136 0.244344
3018 50 136 0.139485
3019 51 136 0.233893
3020 53 136 0.064352
3021 54 136 0.215804
3022 62 136 0.211030
3023 76 136 0.108780
3024 78 136 0.117260
3025 95 136 0.187528
3026 96 136 0.242901
3027 104 136 0.171998
3028 111 136 0.121142
3029 112 136 0.095899
3030 115 136 0.167249
3031 130 136 0.073579
3032 138 136 0.163618
3033 142 136 0.127962
3034 12 137 0.126524
3035 18 137 0.251837
3036 21 137 0.210448
3037 24 137 0.186957
3038 25 137 0.073076
3039 26 137 0.234553
3040 30 137 0.172898
3041 38 137 0.115085
3042 44 137 0.245112
3043 52 137 0.131494
3044 57 137 0.245255
3045 77 137 0.132081
3046 81 137 0.102020
3047 82 137 0.184377
3048 86 137 0.113927
3049 88 137 0.170896
3050 89 137 0.171705
3051 103 137 0.170461
3052 105 137 0.127347
3053 108 137 0.158233
3054 110 137 0.199193
3055 114 137 0.202928
3056 116 137 0.211437
3057 117 137 0.152655
3058 118 137 0.139075
3059 119 137 0.174179
3060 128 137 0.106881
3061 139 137 0.072040
3062 140 137 0.214006
3063 141 137 0.251016
3064 8 138 0.224817
3065 9 138 0.168095
3066 10 138 0.157426
3067 23 138 0.234541
3068 36 138 0.072391
3069 43 138 0.126649
3070 46 138 0.143020
3071 49 138 0.210675
3072 53 138 0.209589
3073 54 138 0.201870
3074 59 138 0.236561
3075 62 138 0.163217
3076 68 138 0.193382
3077 78 138 0.086522
3078 90 138 0.233893
3079 93 138 0.232729
3080 95 138 0.024772
3081 96 138 0.242694
3082 102 138 0.223294
3083 104 138 0.174327
3084 106 138 0.237006
3085 111 138 0.221737
3086 126 138 0.195595
3087 130 138 0.108771
3088 131 138 0.212656
3089 133 138 0.222332
3090 136 138 0.163618
3091 149 138 0.249342
3092 12 139 0.194924
3093 25 139 0.025081
3094 26 139 0.175615
3095 30 139 0.202930
3096 33 139 0.203464
3097 38 139 0.072948
3098 44 139 0.213051
3099 52 139 0.185384
3100 74 139 0.243563
3101 77 139 0.064672
3102 81 139 0.114330
3103 82 139 0.241290
3104 86 139 0.041891
3105 88 139 0.103451
3106 89 139 0.243534
3107 103 139 0.197185
3108 105 139 0.055345
3109 108 139 0.086210
3110 110 139 0.134548
3111 113 139 0.195215
3112 114 139 0.208721
3113 117 139 0.147274
3114 118 139 0.135382
3115 119 139 0.243631
3116 128 139 0.147366
3117 137 139 0.072040
3118 140 139 0.198402
3119 2 140 0.235662
3120 10 140 0.237309
3121 12 140 0.247247
3122 14 140 0.162311
3123 25 140 0.223394
3124 26 140 0.147988
3125 33 140 0.211678
3126 38 140 0.128192
3127 40 140 0.191689
3128 44 140 0.057455
3129 52 140 0.189239
3130 57 140 0.215704
3131 59 140 0.249339
3132 60 140 0.191539
3133 69 140 0.218693
3134 74 140 0.097270
3135 77 140 0.235328
3136 79 140 0.111653
3137 80 140 0.173540
3138 82 140 0.223903
3139 83 140 0.065572
3140 86 140 0.200239
3141 90 140 0.145739
3142 100 140 0.226471
3143 105 140 0.206271
3144 106 140 0.156448
3145 108 140 0.210423
3146 113 140 0.186767
3147 114 140 0.061330
3148 117 140 0.062719
3149 126 140 0.215517
3150 131 140 0.218184
3151 133 140 0.198971
3152 137 140 0.214006
3153 139 140 0.198402
3154 8 141 0.219711
3155 12 141 0.131426
3156 18 141 0.032758
3157 23 141 0.250296
3158 24 141 0.194431
3159 52 141 0.128244
3160 55 141 0.144305
3161 57 141 0.087152
3162 66 141 0.024333
3163 75 141 0.235614
3164 82 141 0.072762
3165 89 141 0.137019
3166 93 141 0.121526
3167 98 141 0.100345
3168 114 141 0.227639
3169 117 141 0.249191
3170 119 141 0.207020
3171 126 141 0.159741
3172 133 141 0.143788
3173 137 141 0.251016
3174 3 142 0.244356
3175 6 142 0.051753
3176 13 142 0.165538
3177 19 142 0.164601
3178 20 142 0.211228
3179 27 142 0.113912
3180 31 142 0.146220
3181 36 142 0.182236
3182 43 142 0.148377
3183 45 142 0.140906
3184 49 142 0.215978
3185 50 142 0.178248
3186 51 142 0.214139
3187 53 142 0.163081
3188 54 142 0.182723
3189 58 142 0.221574
3190 76 142 0.171673
3191 78 142 0.237287
3192 96 142 0.188013
3193 99 142 0.162095
3194 107 142 0.230296
3195 111 142 0.041509
3196 112 142 0.087433
3197 115 142 0.117150
3198 123 142 0.184083
3199 130 142 0.145214
3200 136 142 0.127962
3201 143 142 0.216038
3202 3 143 0.059808
3203 6 143 0.177946
3204 13 143 0.153301
3205 19 143 0.088766
3206 20 143 0.138184
3207 27 143 0.103472
3208 31 143 0.071977
3209 39 143 0.060709
3210 49 143 0.232842
3211 54 143 0.218105
3212 56 143 0.083126
3213 58 143 0.088933
3214 61 143 0.179078
3215 72 143 0.249172
3216 85 143 0.224239
3217 96 143 0.182295
3218 99 143 0.124100
3219 107 143 0.044483
3220 111 143 0.213212
3221 120 143 0.170646
3222 121 143 0.172100
3223 123 143 0.061764
3224 124 143 0.232203
3225 129 143 0.234487
3226 142 143 0.216038
3227 144 143 0.120053
3228 145 143 0.226690
3229 3 144 0.158683
3230 5 144 0.214892
3231 8 144 0.252286
3232 13 144 0.175211
3233 19 144 0.141903
3234 20 144 0.128569
3235 23 144 0.223381
3236 27 144 0.206735
3237 28 144 0.216998
3238 31 144 0.165612
3239 39 144 0.118730
3240 49 144 0.224769
3241 54 144 0.227420
3242 56 144 0.070942
3243 58 144 0.087597
3244 61 144 0.073341
3245 72 144 0.134616
3246 85 144 0.150598
3247 91 144 0.150610
3248 96 144 0.186528
3249 99 144 0.244045
3250 107 144 0.151711
3251 120 144 0.054977
3252 121 144 0.120085
3253 122 144 0.176212
3254 123 144 0.181817
3255 124 144 0.129806
3256 129 144 0.122396
3257 134 144 0.220833
3258 143 144 0.120053
3259 145 144 0.145021
3260 147 144 0.136377
3261 3 145 0.229750
3262 5 145 0.136423
3263 7 145 0.204369
3264 15 145 0.186688
3265 28 145 0.077963
3266 39 145 0.183867
3267 56 145 0.143572
3268 58 145 0.230718
3269 61 145 0.077861
3270 65 145 0.207680
3271 72 145 0.093528
3272 73 145 0.231919
3273 91 145 0.075368
3274 107 145 0.233795
3275 120 145 0.104861
3276 121 145 0.063758
3277 122 145 0.031253
3278 124 145 0.219847
3279 129 145 0.079624
3280 134 145 0.076971
3281 143 145 0.226690
3282 144 145 0.145021
3283 147 145 0.184552
3284 150 145 0.164223
3285 4 146 0.237086
3286 5 146 0.188256
3287 7 146 0.149630
3288 15 146 0.119431
3289 28 146 0.208276
3290 29 146 0.062364
3291 48 146 0.249494
3292 65 146 0.088218
3293 73 146 0.070373
3294 91 146 0.247142
3295 101 146 0.229401
3296 134 146 0.220675
3297 150 146 0.147897
3298 4 147 0.190702
3299 5 147 0.148353
3300 7 147 0.186710
3301 8 147 0.236114
3302 11 147 0.237701
3303 13 147 0.242963
3304 19 147 0.243821
3305 20 147 0.192913
3306 23 147 0.220058
3307 28 147 0.218197
3308 48 147 0.158812
3309 49 147 0.246786
3310 56 147 0.203425
3311 58 147 0.188925
3312 61 147 0.124534
3313 72 147 0.099441
3314 75 147 0.175141
3315 84 147 0.153874
3316 85 147 0.120719
3317 91 147 0.127442
3318 96 147 0.234380
3319 120 147 0.106636
3320 121 147 0.207173
3321 122 147 0.208482
3322 124 147 0.056196
3323 129 147 0.107262
3324 134 147 0.233404
3325 144 147 0.136377
3326 145 147 0.184552
3327 16 148 0.074399
3328 34 148 0.180299
3329 35 148 0.181918
3330 37 148 0.116850
3331 42 148 0.037738
3332 47 148 0.206337
3333 63 148 0.096144
3334 67 148 0.076130
3335 70 148 0.141985
3336 71 148 0.213501
3337 94 148 0.170332
3338 97 148 0.192120
3339 109 148 0.207132
3340 116 148 0.246738
3341 127 148 0.199502
3342 135 148 0.193703
3343 2 149 0.161358
3344 9 149 0.163451
3345 10 149 0.137585
3346 40 149 0.199067
3347 46 149 0.122840
3348 59 149 0.063899
3349 60 149 0.154007
3350 62 149 0.146968
3351 68 149 0.056779
3352 78 149 0.236085
3353 79 149 0.235763
3354 80 149 0.183423
3355 90 149 0.186082
3356 95 149 0.246896
3357 100 149 0.086149
3358 102 149 0.033216
3359 104 149 0.202649
3360 106 149 0.166606
3361 131 149 0.106066
3362 138 149 0.249342
3363 5 150 0.151690
3364 7 150 0.174253
3365 15 150 0.028915
3366 28 150 0.087420
3367 29 150 0.194998
3368 61 150 0.231390
3369 65 150 0.059699
3370 72 150 0.195551
3371 73 150 0.136455
3372 91 150 0.168227
3373 121 150 0.219989
3374 122 150 0.136456
3375 129 150 0.196510
3376 134 150 0.088805
3377 145 150 0.164223
3378 146 150 0.147897
