146 5 147 84 4 64 94 119 137 26 92 22 
146 7 147 8 133 141 24 137 26 92 22 
146 91 120 58 111 78 95 93 57 114 74 22 
146 5 124 55 32 64 94 37 116 137 26 92 22 
146 48 55 98 119 35 71 103 105 69 22 
146 91 144 19 43 8 75 66 114 74 22 
146 5 72 85 23 75 11 127 119 137 26 92 22 
146 7 147 8 126 141 24 137 26 92 22 
146 7 124 93 55 35 119 137 26 92 22 
146 5 124 23 95 10 57 52 38 26 92 22 
146 48 75 93 98 127 109 116 137 26 92 22 
146 91 120 19 43 23 75 66 114 74 22 
146 7 124 93 57 18 109 116 137 26 92 22 
146 7 124 23 95 10 133 82 137 26 92 22 
146 48 75 18 109 37 71 103 105 113 22 
146 5 124 85 55 94 35 119 137 26 92 22 
146 5 147 75 64 34 35 119 137 26 92 22 
146 7 124 23 95 10 57 52 38 26 92 22 
146 48 75 141 89 109 135 41 118 77 69 22 
146 91 120 85 23 75 11 127 119 137 26 92 22 
146 91 120 19 112 36 8 126 83 74 22 
146 7 124 49 93 55 24 137 26 92 22 
146 7 124 85 75 11 127 24 137 26 92 22 
146 5 124 23 95 90 133 52 139 26 92 22 
146 5 72 85 75 84 32 127 24 137 26 92 22 
146 5 72 20 130 36 138 93 82 140 74 22 
146 48 75 66 12 24 135 30 105 113 22 
146 7 124 49 36 10 126 141 114 74 22 
146 5 147 84 4 1 127 119 137 26 92 22 
146 91 120 58 111 138 8 57 114 74 22 
146 91 84 4 1 127 24 137 26 92 22 
146 5 72 20 43 93 55 89 12 117 14 22 
146 7 124 23 95 126 114 12 81 105 113 22 
146 5 72 20 96 8 75 55 82 140 74 22 
146 7 147 8 57 89 119 128 25 113 22 
146 7 124 23 95 126 66 55 89 12 117 14 22 
146 7 124 93 98 94 35 21 25 113 69 22 
146 48 75 18 24 35 135 81 105 69 22 
146 48 55 98 35 63 71 103 105 113 22 
146 7 124 54 93 55 89 12 117 14 22 
146 91 61 31 43 8 75 141 114 74 22 
146 91 144 19 130 138 8 93 82 140 74 22 
146 91 144 19 142 136 36 8 133 83 74 22 
146 91 120 58 85 84 11 98 52 117 14 22 
146 5 124 23 95 126 66 98 12 117 14 22 
146 7 124 54 138 95 93 66 82 140 74 22 
146 91 58 111 36 138 8 57 114 74 22 
146 91 58 85 84 11 98 52 117 14 22 
146 91 120 58 111 130 8 141 114 74 22 
146 7 147 8 55 94 119 137 26 92 22 
146 7 124 23 95 126 141 52 117 14 22 
146 7 124 55 11 94 37 116 137 26 92 22 
146 91 58 111 136 138 8 133 83 74 22 
146 7 124 54 138 10 126 141 117 14 22 
146 5 124 75 32 127 24 137 26 92 22 
146 91 120 58 111 36 8 66 114 74 22 
146 7 147 75 64 34 35 119 137 26 92 22 
146 48 75 18 98 94 63 135 128 25 113 69 22 
146 5 72 20 8 75 55 89 12 117 14 22 
146 48 55 89 37 16 42 71 103 105 69 22 
146 7 124 23 95 126 141 89 137 26 92 22 
146 48 75 93 98 94 37 21 25 113 69 22 
146 91 120 19 111 54 85 55 82 140 74 22 
146 5 124 23 138 10 57 52 117 14 22 
146 48 75 93 133 52 119 118 77 69 22 
146 48 75 93 141 98 35 21 25 113 69 22 
146 5 147 8 126 66 55 24 137 26 92 22 
146 91 144 23 8 75 127 24 137 26 92 22 
146 5 147 84 4 64 94 24 137 26 92 22 
146 7 124 23 138 46 131 133 140 74 22 
146 48 75 93 57 52 119 128 25 113 69 22 
146 5 72 124 75 84 32 127 24 137 26 92 22 
146 91 129 20 13 136 138 93 133 83 74 22 
146 48 75 98 94 148 135 128 25 113 22 
146 5 124 75 32 94 119 137 26 92 22 
146 48 75 93 82 24 116 128 25 113 22 
146 7 147 49 36 78 10 133 117 14 22 
146 7 124 55 127 37 116 137 26 92 22 
146 5 72 20 130 36 138 93 57 117 14 22 
146 48 75 66 133 114 52 89 81 105 69 22 
146 91 120 19 96 49 23 75 66 114 74 22 
146 48 75 93 57 98 109 21 25 113 22 
146 5 72 124 84 4 127 119 137 26 92 22 
146 7 124 93 57 98 116 137 26 92 22 
146 7 124 93 141 98 35 116 137 26 92 22 
146 7 124 49 36 78 10 126 114 74 22 
146 5 72 20 23 8 75 55 24 137 26 92 22 
146 48 75 66 57 52 119 30 105 69 22 
146 48 75 93 57 82 119 116 128 25 113 69 22 
146 5 72 20 49 8 75 55 52 117 14 22 
146 48 75 18 24 109 71 103 105 113 22 
146 48 75 93 126 12 89 128 25 113 69 22 
146 91 58 111 8 75 66 114 74 22 
146 91 120 19 96 49 85 75 66 114 74 22 
146 5 72 20 43 36 8 55 82 140 74 22 
146 48 55 94 67 148 116 137 26 92 22 
146 5 72 20 13 43 8 75 18 82 140 74 22 
146 7 124 85 55 94 35 119 137 26 92 22 
146 91 58 111 136 36 8 93 133 83 74 22 
146 5 72 20 13 136 104 138 93 133 83 74 22 
146 5 72 20 130 138 93 57 114 74 22 
146 48 55 98 35 37 71 103 105 113 22 
146 7 124 49 95 93 55 12 117 14 22 
146 7 124 55 98 94 37 21 25 113 69 22 
146 5 72 147 84 4 64 127 119 137 26 92 22 
146 48 75 93 133 52 89 128 25 113 22 
146 48 75 55 127 34 70 63 116 137 26 92 22 
146 91 58 13 23 75 18 82 140 74 22 
146 5 124 23 95 133 141 137 26 92 22 
146 7 124 23 95 131 114 137 26 92 22 
146 91 120 85 84 64 127 119 137 26 92 22 
146 48 75 93 57 98 119 128 25 113 69 22 
146 91 120 19 111 43 85 55 82 140 74 22 
146 7 124 23 95 126 82 89 137 26 92 22 
146 7 124 54 95 93 98 52 117 14 22 
146 5 124 54 138 10 126 141 117 14 22 
146 7 124 85 55 127 35 119 137 26 92 22 
146 7 147 8 126 141 98 24 137 26 92 22 
146 7 124 85 93 55 127 24 137 26 92 22 
146 48 75 93 57 82 89 119 128 25 113 69 22 
146 91 58 111 138 8 141 114 74 22 
146 48 55 35 148 71 103 105 113 22 
146 5 147 8 93 55 24 137 26 92 22 
146 7 147 49 36 46 10 133 114 74 22 
146 5 72 20 13 136 104 95 93 133 83 74 22 
146 7 124 93 98 94 37 116 137 26 92 22 
146 7 124 23 95 126 18 12 117 14 22 
146 7 124 23 138 59 131 133 117 14 22 
146 91 144 19 43 8 55 82 140 74 22 
146 7 124 23 75 127 24 137 26 92 22 
146 48 55 98 94 148 135 128 25 113 69 22 
146 48 84 55 127 34 70 63 116 137 26 92 22 
146 7 147 49 95 93 55 98 52 117 14 22 
146 91 144 19 96 23 75 66 114 74 22 
146 91 129 20 13 136 104 95 93 133 83 74 22 
146 91 144 19 23 85 75 66 114 74 22 
146 91 129 147 84 4 64 127 24 137 26 92 22 
146 5 124 23 126 90 57 82 119 137 26 92 22 
146 91 144 23 75 32 127 24 137 26 92 22 
146 7 124 54 138 10 126 141 82 117 14 22 
146 5 72 124 84 64 127 24 137 26 92 22 
146 7 124 23 75 11 127 119 137 26 92 22 
146 91 58 111 78 46 95 93 133 140 74 22 
146 48 75 93 133 52 89 128 25 113 69 22 
146 48 75 93 57 98 109 116 128 25 113 22 
146 91 129 20 23 75 55 82 140 74 22 
146 7 124 23 95 10 106 114 52 38 26 92 22 
146 7 124 54 43 93 75 55 52 117 14 22 
146 48 55 109 35 42 71 103 105 113 22 
146 7 147 49 36 78 46 10 133 140 74 22 
146 91 120 58 111 53 138 8 126 83 74 22 
146 5 124 23 138 46 131 133 117 14 22 
146 48 75 93 133 12 89 128 25 113 69 22 
146 5 124 54 95 93 55 52 117 14 22 
146 5 124 23 95 131 114 137 26 92 22 
146 7 147 8 55 11 127 24 137 26 92 22 
146 48 75 18 89 37 71 103 105 69 22 
146 48 75 93 133 114 52 89 128 25 113 22 
146 48 55 35 42 97 71 103 105 113 22 
146 5 72 20 13 130 138 93 55 82 140 74 22 
146 5 124 23 138 46 131 133 140 74 22 
146 7 124 23 95 10 126 141 137 26 92 22 
146 48 55 94 67 148 135 128 25 113 69 22 
146 5 147 124 84 64 127 24 137 26 92 22 
146 7 124 93 57 98 109 116 137 26 92 22 
146 91 124 48 64 127 119 137 26 92 22 
146 91 129 20 13 136 104 95 57 114 74 22 
146 5 147 8 126 141 24 137 26 92 22 
146 5 72 20 43 93 75 55 82 140 74 22 
146 91 120 19 111 43 23 66 114 74 22 
146 48 75 93 82 24 116 128 25 113 69 22 
146 48 75 93 82 89 109 128 25 113 22 
146 7 124 23 95 126 93 98 89 12 117 14 22 
146 91 120 85 84 64 127 24 137 26 92 22 
146 5 147 84 4 1 127 24 137 26 92 22 
146 7 124 54 95 126 66 52 117 14 22 
146 5 72 20 13 136 78 138 93 133 83 74 22 
146 7 124 23 95 126 66 98 12 117 14 22 
146 5 72 20 43 93 75 55 98 52 117 14 22 
146 91 120 19 112 136 130 8 126 83 74 22 
146 91 129 20 43 8 75 55 82 140 74 22 
146 5 124 23 95 10 57 82 52 117 14 22 
146 5 72 85 23 75 11 127 24 137 26 92 22 
146 48 75 66 98 94 135 128 25 113 22 
146 7 147 75 55 127 34 63 116 137 26 92 22 
146 91 120 58 111 8 75 66 114 74 22 
146 48 75 93 57 82 89 119 128 25 113 22 
146 48 75 66 24 35 135 128 25 113 69 22 
146 48 75 93 82 89 109 21 25 113 22 
146 48 75 93 82 89 109 128 25 113 69 22 
146 48 75 93 82 89 37 116 128 25 113 69 22 
146 91 58 111 130 8 141 114 74 22 
146 91 144 19 142 130 138 93 57 114 74 22 
146 5 124 23 95 126 141 12 38 26 92 22 
146 7 124 85 55 11 127 109 119 137 26 92 22 
146 48 75 18 89 37 71 103 105 113 22 
146 7 124 23 95 90 57 52 38 26 92 22 
146 5 72 20 8 75 98 52 117 14 22 
146 5 124 93 98 127 109 119 137 26 92 22 
146 7 147 75 11 32 34 94 119 137 26 92 22 
146 5 147 8 133 141 24 119 137 26 92 22 
146 48 55 98 35 63 71 103 105 69 22 
146 7 124 23 95 100 114 38 26 92 22 
146 91 120 85 75 84 127 119 137 26 92 22 
146 5 72 20 130 36 138 93 57 114 74 22 
146 7 147 49 138 10 57 52 117 14 22 
146 91 129 20 23 75 11 98 52 44 74 22 
146 5 124 93 66 55 109 119 137 26 92 22 
146 91 58 96 23 75 55 82 140 74 22 
146 91 61 20 23 85 84 11 98 52 117 14 22 
146 5 147 8 93 55 109 119 137 26 92 22 
146 7 147 8 133 98 24 137 26 92 22 
146 91 120 58 111 130 8 93 57 114 74 22 
146 91 61 31 111 130 8 93 57 114 74 22 
146 5 124 23 75 127 24 137 26 92 22 
146 7 124 49 95 93 98 52 117 14 22 
146 91 144 19 111 54 85 55 82 140 74 22 
146 91 120 58 111 138 8 141 114 74 22 
146 7 147 49 95 93 98 52 117 14 22 
146 7 124 93 98 127 116 137 26 92 22 
146 7 124 93 141 98 109 119 137 26 92 22 
146 7 124 23 95 90 57 52 139 26 92 22 
146 48 75 93 126 114 12 128 25 113 69 22 
146 5 147 8 57 98 24 137 26 92 22 
146 91 58 111 130 8 93 82 140 74 22 
146 5 147 75 64 127 119 137 26 92 22 
146 5 124 54 95 93 98 52 117 14 22 
146 91 120 85 23 75 84 127 24 137 26 92 22 
146 91 144 19 142 36 8 93 133 83 74 22 
146 91 144 19 142 136 43 8 93 133 83 74 22 
146 7 124 23 95 10 133 12 38 26 92 22 
146 5 72 20 13 136 138 93 57 114 74 22 
146 48 75 18 24 35 135 41 118 77 69 22 
146 5 72 85 23 75 127 119 137 26 92 22 
146 48 75 66 24 109 135 128 25 113 69 22 
146 7 124 23 95 10 133 82 52 38 26 92 22 
146 48 75 18 89 109 71 103 105 113 22 
146 7 147 49 138 10 126 57 52 117 14 22 
146 91 129 20 13 136 78 95 93 133 83 74 22 
146 7 124 23 95 100 60 114 117 38 26 92 22 
146 91 120 19 142 112 136 130 8 126 83 74 22 
146 48 75 93 66 98 94 35 21 25 113 69 22 
146 48 75 93 82 24 21 81 105 69 22 
146 48 55 109 42 97 71 103 105 113 22 
146 91 120 19 112 53 78 43 93 133 83 74 22 
146 48 84 55 98 94 148 116 137 26 92 22 
146 91 120 58 111 136 138 8 93 133 83 74 22 
146 48 75 93 57 52 119 128 25 113 22 
146 5 72 20 8 75 55 24 137 26 92 22 
146 5 72 20 43 138 10 57 52 117 14 22 
146 5 72 20 13 136 46 95 126 140 74 22 
146 7 124 23 95 57 89 137 26 92 22 
146 7 124 23 95 10 57 82 137 26 92 22 
146 48 75 93 82 24 21 81 105 113 22 
146 91 84 1 34 94 24 137 26 92 22 
146 91 129 20 43 93 75 55 52 117 14 22 
146 48 75 66 24 109 135 128 25 113 22 
146 91 120 85 23 75 11 127 24 137 26 92 22 
146 91 120 19 112 78 36 8 126 83 74 22 
146 48 55 98 24 35 71 103 105 113 22 
146 7 124 23 95 59 114 117 26 92 22 
146 7 147 49 95 93 55 12 117 14 22 
146 48 75 66 12 109 135 81 105 69 22 
146 5 72 85 75 84 11 127 24 137 26 92 22 
146 48 75 93 82 89 109 116 128 25 113 22 
146 7 124 49 36 10 126 66 141 117 14 22 
146 91 58 111 36 8 93 57 114 74 22 
146 7 124 23 95 90 114 52 81 105 113 22 
146 7 124 75 32 94 119 137 26 92 22 
146 7 124 23 95 126 141 18 12 117 14 22 
146 91 61 31 27 111 43 8 141 114 74 22 
146 91 120 19 112 136 36 8 126 83 74 22 
146 91 120 19 142 53 36 8 126 83 74 22 
146 5 124 23 95 133 141 12 137 26 92 22 
146 48 75 55 127 34 148 116 137 26 92 22 
146 7 124 93 66 98 127 119 137 26 92 22 
146 5 72 20 13 36 138 93 82 140 74 22 
146 91 120 19 142 36 8 93 133 83 74 22 
146 91 144 19 142 43 8 93 57 114 74 22 
146 7 124 23 95 126 141 18 89 137 26 92 22 
146 5 147 8 93 66 55 24 137 26 92 22 
146 5 124 84 64 94 119 137 26 92 22 
146 48 75 18 98 94 63 135 128 25 113 22 
146 5 124 93 98 94 35 116 137 26 92 22 
146 91 120 144 20 96 85 84 11 98 52 117 14 22 
146 48 75 66 98 94 37 135 128 25 113 22 
146 91 129 20 13 43 95 93 141 114 74 22 
146 7 124 23 93 55 24 137 26 92 22 
146 7 124 85 93 57 98 109 119 137 26 92 22 
146 91 144 85 84 11 98 52 117 14 22 
146 91 144 19 111 43 23 66 114 74 22 
146 5 72 20 13 136 46 95 57 114 74 22 
146 91 120 19 142 112 78 36 8 126 83 74 22 
146 48 55 109 42 71 103 105 113 22 
146 91 58 96 49 8 75 55 82 140 74 22 
146 7 124 85 55 94 37 116 137 26 92 22 
146 48 75 93 126 114 52 89 128 25 113 22 
146 7 147 8 75 127 24 137 26 92 22 
146 7 147 49 36 10 133 52 117 14 22 
146 48 84 55 98 94 148 135 128 25 113 22 
146 91 124 84 4 127 24 137 26 92 22 
146 7 124 23 95 10 126 141 12 117 14 22 
146 91 144 23 75 127 24 137 26 92 22 
146 5 72 20 130 78 46 95 93 57 114 74 22 
146 7 124 23 95 90 133 52 139 26 92 22 
146 7 147 8 93 66 55 24 137 26 92 22 
146 91 120 19 43 8 75 66 114 74 22 
146 7 124 54 43 93 55 98 52 117 14 22 
146 7 124 23 95 90 114 52 137 139 26 92 22 
146 91 120 85 84 32 127 119 137 26 92 22 
146 48 75 141 82 119 135 30 105 113 22 
146 5 72 20 43 8 75 55 82 140 74 22 
146 91 120 19 142 112 136 36 8 126 83 74 22 
146 48 75 93 66 18 98 109 116 137 26 92 22 
146 7 124 54 43 95 93 98 52 117 14 22 
146 5 147 8 57 18 24 119 137 26 92 22 
146 91 120 19 142 136 43 8 93 133 83 74 22 
146 7 124 93 66 98 127 109 119 137 26 92 22 
146 91 129 20 43 36 8 55 82 140 74 22 
146 5 124 55 98 94 37 116 137 26 92 22 
146 7 124 49 36 10 57 117 14 22 
146 91 120 19 142 112 36 8 126 83 74 22 
146 91 61 31 43 8 75 66 114 74 22 
146 5 124 23 95 126 141 89 137 26 92 22 
146 7 124 49 95 126 66 12 117 14 22 
146 7 124 23 95 90 140 114 137 139 26 92 22 
146 91 120 19 142 136 36 8 133 83 74 22 
146 48 75 66 98 94 63 21 25 113 69 22 
146 48 75 93 82 119 30 105 69 22 
146 7 147 8 126 141 119 137 26 92 22 
146 5 124 23 138 10 133 52 117 14 22 
146 7 124 93 57 98 109 119 137 26 92 22 
146 91 120 144 8 93 75 127 24 137 26 92 22 
146 5 124 55 11 94 37 116 137 26 92 22 
146 48 75 18 98 94 37 135 128 25 113 69 22 
146 7 147 8 57 89 119 128 25 113 69 22 
146 5 72 20 43 93 55 98 12 117 14 22 
146 5 72 20 43 93 55 98 52 117 14 22 
146 5 72 84 64 34 94 119 137 26 92 22 
146 5 72 85 23 75 127 24 137 26 92 22 
146 7 147 49 36 78 10 126 117 14 22 
146 5 124 54 93 55 89 12 117 14 22 
146 91 144 19 130 138 93 57 114 74 22 
146 7 124 93 55 127 24 137 26 92 22 
146 5 124 93 141 98 35 116 137 26 92 22 
146 7 124 23 95 90 57 89 137 26 92 22 
146 91 120 19 142 130 138 8 57 114 74 22 
146 7 124 49 93 75 127 24 137 26 92 22 
146 91 85 75 84 11 127 119 137 26 92 22 
146 91 129 85 75 11 127 24 137 26 92 22 
146 5 124 23 95 126 66 55 89 12 117 14 22 
146 7 124 23 95 10 126 52 117 14 22 
146 48 75 93 98 94 63 21 25 113 69 22 
146 91 120 19 130 138 8 55 82 140 74 22 
146 48 75 141 89 109 135 81 105 113 22 
146 5 124 23 95 10 126 141 137 26 92 22 
146 5 124 85 93 75 127 24 137 26 92 22 
146 5 72 20 13 130 36 138 93 55 82 140 74 22 
146 7 124 54 43 95 93 82 140 74 22 
146 5 72 147 84 4 64 127 24 137 26 92 22 
146 5 124 85 93 55 109 119 137 26 92 22 
146 5 124 85 75 11 127 24 137 26 92 22 
146 5 72 20 13 136 138 93 133 83 74 22 
146 5 124 23 95 90 114 12 137 26 92 22 
146 5 72 20 13 130 138 93 57 114 74 22 
146 5 124 54 93 55 12 117 14 22 
146 91 58 111 78 138 93 57 114 74 22 
146 7 147 8 75 32 94 119 137 26 92 22 
146 91 120 19 142 130 8 93 133 83 74 22 
146 91 85 75 84 11 127 24 137 26 92 22 
146 5 124 93 66 98 127 109 119 137 26 92 22 
146 5 124 23 95 10 57 82 12 38 26 92 22 
146 5 124 23 95 126 18 12 117 14 22 
146 5 72 20 130 78 46 10 126 140 74 22 
146 7 124 23 126 141 89 25 113 69 22 
146 5 147 8 55 94 37 116 137 26 92 22 
146 7 124 55 32 64 94 37 116 137 26 92 22 
146 7 147 8 133 141 24 119 137 26 92 22 
146 48 75 93 82 89 109 21 30 105 113 22 
146 5 124 55 11 94 119 137 26 92 22 
146 7 124 23 95 59 114 117 33 22 
146 7 124 55 98 94 37 116 137 26 92 22 
146 48 55 98 94 42 135 128 25 113 69 22 
146 91 58 111 36 8 93 82 140 74 22 
146 91 144 19 142 136 130 8 93 133 83 74 22 
146 5 72 20 43 95 93 141 114 74 22 
146 5 124 85 93 55 127 24 137 26 92 22 
146 91 58 111 36 8 57 114 74 22 
146 5 72 20 43 138 10 133 57 52 117 14 22 
146 91 58 111 95 93 57 114 74 22 
146 5 124 23 95 10 126 141 52 38 26 92 22 
146 48 75 66 98 94 63 21 25 113 22 
146 7 124 23 95 90 114 52 38 26 92 22 
146 5 124 23 95 10 133 12 38 26 92 22 
146 5 147 8 93 55 127 24 137 26 92 22 
146 48 75 93 126 114 52 128 25 113 69 22 
146 91 120 144 23 75 32 127 24 137 26 92 22 
146 7 124 23 95 10 90 133 52 38 26 92 22 
146 5 72 20 23 8 75 55 89 12 117 14 22 
146 5 124 23 95 133 89 137 26 92 22 
146 7 147 49 36 78 46 10 126 114 74 22 
146 7 147 49 36 78 10 57 117 14 22 
146 48 75 18 89 109 135 41 118 77 69 22 
146 91 129 20 13 136 138 8 93 133 83 74 22 
146 7 147 49 36 10 126 141 114 74 22 
146 48 75 18 24 35 135 81 105 113 22 
146 7 124 49 95 93 55 98 12 117 14 22 
146 5 124 84 64 127 24 137 26 92 22 
146 48 55 109 35 63 71 103 105 113 22 
146 7 147 8 55 94 37 116 137 26 92 22 
146 91 120 58 111 130 138 93 57 114 74 22 
146 91 84 1 34 94 119 137 26 92 22 
146 91 58 111 136 138 8 93 133 83 74 22 
146 7 124 54 43 36 138 93 82 140 74 22 
146 5 124 23 95 133 141 52 38 26 92 22 
146 7 124 23 95 10 133 82 12 38 26 92 22 
146 48 55 24 37 71 103 105 113 22 
146 7 147 8 93 141 55 24 137 26 92 22 
146 48 55 98 94 63 71 103 105 69 22 
146 7 124 93 98 94 119 137 26 92 22 
146 48 75 93 66 98 94 35 21 25 113 22 
146 5 124 23 95 90 114 52 137 139 26 92 22 
146 5 124 85 55 11 127 109 119 137 26 92 22 
146 5 124 23 95 10 133 82 52 38 26 92 22 
146 5 147 124 84 64 94 119 137 26 92 22 
146 5 124 23 95 10 90 133 52 38 26 92 22 
146 7 124 49 36 10 126 57 117 14 22 
146 48 55 35 42 97 71 103 105 69 22 
146 7 124 85 75 32 127 109 119 137 26 92 22 
146 7 147 75 11 34 37 116 137 26 92 22 
146 91 120 19 130 138 8 93 82 140 74 22 
146 5 124 23 126 141 98 89 137 26 92 22 
146 7 124 23 95 59 114 86 113 22 
146 48 75 66 89 109 135 30 105 69 22 
146 91 58 111 53 138 8 126 83 74 22 
146 7 147 8 57 55 24 137 26 92 22 
146 91 120 19 130 138 93 57 114 74 22 
146 91 129 20 130 78 46 10 126 140 74 22 
146 5 72 20 13 43 95 93 141 114 74 22 
146 7 147 124 75 64 127 24 137 26 92 22 
146 5 124 23 95 126 93 98 89 12 117 14 22 
146 5 124 54 138 95 93 66 82 140 74 22 
146 7 124 23 95 133 89 137 26 92 22 
146 5 72 85 75 84 11 127 119 137 26 92 22 
146 5 124 23 95 10 133 82 137 26 92 22 
146 5 124 23 95 90 114 52 139 26 92 22 
146 91 120 58 111 43 8 55 82 140 74 22 
146 7 124 54 43 138 10 126 141 117 14 22 
146 5 124 23 95 90 57 52 139 26 92 22 
146 5 147 8 133 57 89 119 137 26 92 22 
146 7 124 23 138 59 114 117 26 92 22 
146 5 124 23 138 59 114 117 26 92 22 
146 7 124 23 95 106 114 52 38 26 92 22 
146 48 75 66 12 24 135 81 105 69 22 
146 48 75 66 57 52 119 30 105 113 22 
146 91 129 20 13 136 46 95 126 140 74 22 
146 5 124 23 138 59 131 133 117 14 22 
146 91 58 111 138 8 93 82 140 74 22 
146 91 144 19 130 8 55 82 140 74 22 
146 5 147 75 64 127 24 137 26 92 22 
146 91 120 58 23 85 84 55 82 140 74 22 
146 91 144 19 142 53 36 8 126 83 74 22 
146 91 120 58 111 36 8 93 57 114 74 22 
146 5 72 20 23 8 75 11 98 52 117 14 22 
146 48 75 93 66 98 127 116 137 26 92 22 
146 91 144 19 142 130 138 8 57 114 74 22 
146 5 72 85 8 75 127 24 137 26 92 22 
146 5 124 23 95 106 114 52 38 26 92 22 
146 48 55 98 109 42 71 103 105 113 22 
146 5 124 93 66 98 127 119 137 26 92 22 
146 91 58 111 130 8 93 57 114 74 22 
146 91 124 84 4 127 119 137 26 92 22 
146 91 129 20 13 36 8 55 82 140 74 22 
146 48 55 98 109 42 71 103 105 69 22 
146 48 75 93 126 114 12 81 105 69 22 
146 5 124 93 55 127 24 137 26 92 22 
146 48 75 66 98 94 37 135 128 25 113 69 22 
146 91 129 124 84 4 127 24 137 26 92 22 
146 7 147 49 93 55 89 12 117 14 22 
146 48 75 93 126 52 89 128 25 113 22 
146 48 55 35 16 42 71 103 105 113 22 
146 91 129 20 23 75 11 98 52 117 14 22 
146 91 144 31 111 130 8 93 57 114 74 22 
146 91 58 111 138 8 57 114 74 22 
146 5 124 55 94 37 116 137 26 92 22 
146 5 147 8 55 11 127 24 137 26 92 22 
146 7 147 8 93 55 109 119 137 26 92 22 
146 91 120 144 85 84 11 127 24 137 26 92 22 
146 48 84 55 127 67 63 116 137 26 92 22 
146 7 124 23 95 100 114 139 26 92 22 
146 5 72 20 43 95 93 75 141 114 74 22 
146 48 75 93 133 114 52 89 128 86 113 22 
146 5 124 23 95 90 140 114 137 139 26 92 22 
146 7 147 49 93 75 127 24 137 26 92 22 
146 5 124 23 95 10 57 82 38 26 92 22 
146 7 124 23 95 100 114 117 38 26 92 22 
146 5 124 23 95 68 131 90 57 117 14 22 
146 5 72 20 43 93 75 98 52 117 14 22 
146 91 120 85 84 11 127 119 137 26 92 22 
146 48 75 93 57 98 119 128 25 113 22 
