1 2 5 12 201 204 803 1235 1581 1737 2035 2357 2651 
1 2 5 11 80 554 990 1173 1346 1515 1681 1843 2001 2323 2651 
1 2 5 12 203 1033 1397 1737 2035 2357 2651 
1 4 8 72 188 978 1301 1648 1820 1988 2156 2323 2651 
1 4 8 72 187 549 1150 1333 1681 1843 2001 2323 2651 
1 2 5 11 78 198 489 581 1199 1515 1681 2007 2335 2493 2651 
1 2 5 11 78 198 742 1023 1389 1557 1723 1885 2207 2357 2651 
1 3 16 83 782 1226 1571 1877 2035 2357 2651 
1 2 6 82 213 845 1253 1565 1731 2057 2207 2357 2651 
1 2 7 76 196 554 990 1173 1346 1687 2019 2177 2335 2493 2651 
1 2 5 11 78 198 743 1008 1336 1505 1671 1833 2156 2323 2651 
1 3 16 83 782 1226 1397 1565 1731 2057 2207 2357 2651 
1 2 7 75 193 576 1170 1524 1690 1852 2010 2168 2326 2649 2936 3008 3009 3010 1970 1998 2165 2493 2651 
1 3 14 86 803 1235 1581 1737 2035 2357 2651 
1 4 9 191 552 1143 1492 1833 2156 2323 2651 
1 2 5 11 79 496 1036 1217 1389 1557 1723 1885 2207 2357 2651 
1 2 7 76 562 1153 1326 1668 2001 2323 2651 
1 2 6 82 213 845 1253 1565 1899 2049 2199 2493 2651 
1 2 6 83 203 765 1214 1565 1899 2049 2199 2493 2651 
1 2 6 82 213 845 1066 1424 1581 1737 2035 2357 2651 
1 2 7 75 192 559 1160 1515 1681 1843 2001 2323 2651 
1 4 8 72 188 559 970 1153 1326 1668 2001 2323 2651 
1 2 5 12 203 765 1026 1209 1381 1549 1715 2041 2335 2493 2651 
1 4 9 76 196 998 1326 1495 1661 1988 2156 2323 2651 
1 2 5 12 203 765 1214 1565 1731 2057 2207 2357 2651 
1 2 5 12 203 765 1026 1209 1381 1721 2019 2177 2335 2493 2651 
1 2 7 77 180 542 1140 1323 1502 1843 2165 2493 2651 
1 2 7 76 196 997 1365 1533 1699 1861 2019 2177 2335 2493 2651 
1 2 7 76 196 554 990 1173 1521 1861 2019 2177 2335 2493 2651 
1 2 5 11 78 198 489 1016 1191 1505 1671 1833 2156 2323 2651 
1 4 9 76 562 988 1161 1471 1810 2138 2165 2493 2651 
1 2 7 75 192 559 1161 1471 1810 2138 2165 2493 2651 
1 2 5 11 78 198 489 581 1199 1363 1671 1833 2156 2323 2651 
1 4 9 76 562 1153 1326 1495 1661 1988 2156 2323 2651 
1 2 5 13 196 997 1190 1541 1707 1869 2027 2185 2343 2664 2952 3034 3035 3036 2082 2049 2199 2493 2651 
1 2 5 11 79 765 1215 1533 1699 1861 2019 2177 2335 2493 2651 
1 3 14 84 211 806 1046 1404 1715 1877 2199 2493 2651 
1 4 9 76 196 997 1365 1533 1699 1861 2019 2177 2335 2493 2651 
1 2 5 11 78 198 489 1015 1381 1549 1715 1877 2035 2357 2651 
1 4 8 72 188 559 970 1153 1326 1495 1830 1998 2165 2493 2651 
1 3 16 83 782 1043 1232 1583 1749 2075 2389 2357 2651 
1 2 5 11 78 198 489 581 1198 1549 1715 1877 2035 2357 2651 
1 2 5 11 78 198 489 581 1198 1549 1715 2041 2335 2493 2651 
1 4 8 72 188 559 970 1333 1681 1843 2001 2323 2651 
1 4 9 76 196 554 990 1173 1521 1861 2019 2177 2335 2493 2651 
1 4 8 73 193 576 980 1163 1336 1505 1671 1998 2165 2493 2651 
1 3 16 83 203 1033 1397 1737 2035 2357 2651 
1 2 5 11 79 496 1036 1217 1389 1557 1723 2049 2199 2493 2651 
1 3 14 84 211 806 1046 1226 1571 1877 2035 2357 2651 
1 2 6 81 208 1043 1406 1747 1899 2049 2199 2493 2651 
1 4 9 191 970 1153 1326 1495 1830 1998 2165 2493 2651 
1 3 16 83 203 765 1214 1565 1731 2057 2207 2357 2651 
1 2 7 75 193 576 980 1163 1336 1505 1671 1833 2156 2323 2651 
1 3 16 204 1046 1226 1397 1565 1731 2057 2207 2357 2651 
1 2 5 13 196 998 1326 1495 1830 1998 2165 2493 2651 
1 2 7 76 562 1153 1502 1843 2001 2323 2651 
1 3 16 83 203 765 1026 1209 1381 1721 2019 2177 2335 2493 2651 
1 2 5 11 78 198 489 581 1010 1193 1539 1843 2165 2493 2651 
1 3 14 84 209 825 1056 1235 1581 1885 2207 2357 2651 
1 2 5 11 80 741 993 994 995 951 308 349 409 453 491 745 1018 1201 1547 1705 2001 2323 2651 
1 2 5 13 197 555 556 557 274 277 311 355 409 453 491 745 1018 1201 1546 1885 2207 2357 2651 
1 4 8 72 188 559 970 1333 1681 1843 2165 2493 2651 
1 3 14 86 208 1043 1232 1583 1917 2231 2199 2493 2651 
1 3 14 84 209 825 1056 1235 1406 1747 1899 2049 2199 2493 2651 
1 2 5 11 78 198 489 581 1010 1193 1365 1705 2001 2323 2651 
1 2 5 11 78 198 489 581 1010 1370 1715 1877 2035 2357 2651 
1 2 7 75 192 482 960 1143 1492 1833 2156 2323 2651 
1 4 9 191 970 1153 1502 1843 2001 2323 2651 
1 2 5 13 195 191 552 1143 1316 1485 1820 1988 2156 2323 2651 
1 2 7 76 562 988 1316 1485 1820 1988 2156 2323 2651 
1 4 8 72 187 549 960 1143 1316 1485 1820 1988 2156 2323 2651 
1 2 5 13 196 998 1326 1668 2001 2323 2651 
1 2 5 11 78 198 742 1023 1389 1557 1891 2041 2335 2493 2651 
1 2 7 75 193 576 980 1163 1336 1678 1849 2177 2335 2493 2651 
1 2 7 77 180 542 1140 1495 1661 1988 2156 2323 2651 
1 2 7 76 562 1153 1326 1495 1661 1988 2156 2323 2651 
1 4 8 72 187 478 935 1127 1301 1648 1820 1988 2156 2323 2651 
1 2 6 81 206 506 1056 1414 1571 1877 2035 2357 2651 
1 3 15 89 229 845 1253 1414 1571 1877 2199 2493 2651 
1 2 7 75 193 576 1171 1485 1820 1988 2156 2323 2651 
1 2 6 81 206 806 1046 1226 1397 1565 1899 2049 2199 2493 2651 
1 2 5 11 78 198 489 581 1010 1371 1681 2007 2335 2493 2651 
1 4 10 18 156 957 1150 1333 1681 1843 2001 2323 2651 
1 2 5 11 79 496 1036 1217 1389 1729 1883 2177 2335 2493 2651 
1 2 5 11 78 198 489 581 1010 1193 1539 1843 2001 2323 2651 
1 4 9 76 196 554 990 1173 1346 1515 1681 2007 2335 2493 2651 
1 2 6 81 206 806 1233 1549 1715 1877 2035 2357 2651 
1 4 9 191 970 1334 1637 1968 2296 2323 2651 
1 4 9 76 196 554 990 1173 1346 1687 2019 2177 2335 2493 2651 
1 4 9 191 552 1143 1492 1668 2001 2323 2651 
1 2 5 11 79 765 1214 1565 1899 2049 2199 2493 2651 
1 3 16 83 203 1034 1207 1524 1690 1852 2010 2168 2326 2649 2936 3008 3009 3010 1970 1998 2165 2493 2651 
1 3 14 86 208 785 1036 1217 1389 1729 1883 2177 2335 2493 2651 
1 4 9 76 562 1153 1326 1668 2001 2323 2651 
1 4 8 72 188 559 970 1333 1681 2007 2335 2493 2651 
1 3 16 204 803 1053 1416 1757 1908 2057 2207 2357 2651 
1 2 7 75 192 559 970 1333 1681 1843 2001 2323 2651 
1 4 8 73 552 1143 1316 1658 1830 1998 2165 2493 2651 
1 2 6 81 207 826 827 828 829 830 315 355 409 453 491 745 1018 1201 1546 1885 2207 2357 2651 
1 3 14 86 208 785 1223 1573 1908 2057 2207 2357 2651 
1 2 5 11 79 764 1047 1048 1049 1050 831 833 394 447 485 564 1000 1362 1538 1877 2035 2357 2651 
1 2 5 11 80 554 990 1354 1661 1988 2156 2323 2651 
1 3 16 83 203 765 1026 1209 1381 1549 1715 2041 2335 2493 2651 
1 2 6 83 203 765 1026 1387 1699 1861 2019 2177 2335 2493 2651 
1 3 16 204 803 1235 1581 1737 2035 2357 2651 
1 2 6 82 213 845 1253 1414 1571 1877 2199 2493 2651 
1 4 8 73 193 988 1316 1485 1820 1988 2156 2323 2651 
1 4 8 73 552 1143 1492 1668 2001 2323 2651 
1 2 5 11 79 765 1214 1565 1731 2057 2207 2357 2651 
1 3 16 83 203 1034 1365 1533 1699 1861 2019 2177 2335 2493 2651 
1 2 6 83 203 765 1026 1209 1381 1721 2019 2177 2335 2493 2651 
1 2 5 12 203 765 1026 1387 1699 1861 2019 2177 2335 2493 2651 
1 2 5 13 196 998 1326 1495 1661 1988 2156 2323 2651 
1 2 5 13 196 554 990 1353 1699 1861 2019 2177 2335 2493 2651 
1 2 5 11 78 200 990 1173 1346 1515 1681 1843 2001 2323 2651 
1 4 9 191 970 1153 1502 1843 2165 2493 2651 
1 4 9 76 562 988 1161 1471 1637 1968 2296 2323 2651 
1 2 6 81 206 806 1046 1226 1397 1737 2035 2357 2651 
1 2 5 11 80 554 990 1353 1699 1861 2019 2177 2335 2493 2651 
1 4 9 76 562 1153 1502 1843 2001 2323 2651 
1 2 6 81 208 785 1223 1573 1908 2057 2207 2357 2651 
1 3 15 89 229 1075 1397 1565 1899 2049 2199 2493 2651 
1 3 16 83 203 765 1215 1533 1699 1861 2019 2177 2335 2493 2651 
1 3 14 84 211 806 1046 1226 1397 1565 1899 2049 2199 2493 2651 
1 2 5 11 78 198 489 581 1010 1371 1681 1843 2001 2323 2651 
1 2 5 11 79 764 1047 1048 1049 1050 831 833 394 447 485 564 1000 1183 1530 1704 2035 2357 2651 
1 2 6 83 203 765 1215 1533 1699 1861 2019 2177 2335 2493 2651 
1 2 5 13 196 554 990 1173 1346 1687 2019 2177 2335 2493 2651 
1 2 6 83 203 765 1026 1209 1555 1861 2019 2177 2335 2493 2651 
1 2 5 11 78 198 489 581 1010 1193 1365 1533 1699 1861 2019 2177 2335 2493 2651 
1 3 16 204 1046 1403 1749 2075 2389 2357 2651 
1 2 7 75 194 546 547 548 272 275 310 347 394 447 485 564 1000 1183 1531 1833 2156 2323 2651 
1 2 5 11 80 554 990 1173 1521 1861 2019 2177 2335 2493 2651 
1 2 5 13 195 576 1171 1485 1820 1988 2156 2323 2651 
1 3 16 204 803 1235 1406 1573 1908 2057 2207 2357 2651 
1 2 7 75 192 482 960 1143 1316 1485 1820 1988 2156 2323 2651 
1 4 10 18 156 957 1326 1668 2001 2323 2651 
1 2 5 13 196 554 990 1354 1661 1988 2156 2323 2651 
1 3 14 84 211 806 1046 1226 1397 1737 2035 2357 2651 
1 2 6 83 782 1226 1397 1737 2035 2357 2651 
1 4 8 73 193 576 980 1163 1336 1505 1840 2007 2335 2493 2651 
1 4 9 191 552 978 1301 1648 1820 1988 2156 2323 2651 
1 3 14 84 209 509 1066 1424 1731 2057 2207 2357 2651 
1 2 7 75 193 988 1316 1485 1820 1988 2156 2323 2651 
1 3 16 83 203 765 1026 1209 1381 1549 1883 2177 2335 2493 2651 
1 2 5 11 78 198 742 1209 1381 1549 1715 1877 2035 2357 2651 
1 3 14 86 803 1235 1406 1573 1908 2057 2207 2357 2651 
1 2 5 11 78 198 743 1008 1336 1505 1840 2007 2335 2493 2651 
1 4 8 73 193 988 1161 1471 1810 2138 2165 2493 2651 
1 2 5 12 203 765 1026 1209 1381 1549 1883 2177 2335 2493 2651 
1 3 14 84 209 509 1066 1424 1581 1885 2207 2357 2651 
1 2 5 11 78 200 990 1354 1661 1988 2156 2323 2651 
1 3 16 83 782 1043 1232 1583 1917 2231 2199 2493 2651 
1 3 16 204 1046 1226 1571 1877 2035 2357 2651 
1 2 5 12 201 204 803 1053 1416 1757 1908 2057 2207 2357 2651 
1 3 14 86 208 785 1036 1217 1389 1557 1891 2041 2335 2493 2651 
1 4 9 76 562 1153 1326 1495 1830 1998 2165 2493 2651 
1 4 8 73 552 1143 1316 1485 1820 1988 2156 2323 2651 
1 2 5 11 80 741 993 994 995 951 308 349 409 453 491 745 1018 1379 1539 1843 2001 2323 2651 
1 2 6 83 203 765 1026 1209 1381 1549 1715 2041 2335 2493 2651 
1 4 8 72 188 559 970 1153 1326 1495 1661 1988 2156 2323 2651 
1 2 6 83 203 765 1214 1565 1731 2057 2207 2357 2651 
1 2 7 76 562 988 1161 1471 1637 1968 2296 2323 2651 
1 2 5 13 196 554 1181 1495 1661 1988 2156 2323 2651 
1 3 14 86 208 785 1036 1217 1389 1557 1723 2049 2199 2493 2651 
1 2 5 13 196 554 990 1173 1521 1861 2019 2177 2335 2493 2651 
1 2 5 12 201 204 1046 1226 1397 1565 1731 2057 2207 2357 2651 
1 2 7 76 196 554 990 1354 1661 1988 2156 2323 2651 
1 2 7 76 562 1153 1326 1495 1830 1998 2165 2493 2651 
1 3 14 86 803 1235 1581 1885 2207 2357 2651 
1 2 6 81 206 806 1046 1404 1715 1877 2035 2357 2651 
1 2 6 83 782 1043 1406 1573 1908 2057 2207 2357 2651 
1 2 6 83 782 1043 1232 1583 1749 2075 2389 2357 2651 
1 2 7 77 180 542 1140 1495 1830 1998 2165 2493 2651 
1 4 9 76 196 554 1181 1495 1661 1988 2156 2323 2651 
1 2 5 11 80 554 1181 1495 1661 1988 2156 2323 2651 
1 2 5 12 201 785 1223 1573 1908 2057 2207 2357 2651 
1 3 14 84 209 509 1066 1245 1416 1757 1908 2057 2207 2357 2651 
1 3 16 83 203 765 1026 1209 1381 1549 1715 1877 2035 2357 2651 
1 4 10 18 156 957 1326 1495 1830 1998 2165 2493 2651 
1 2 5 12 203 765 1215 1533 1699 1861 2019 2177 2335 2493 2651 
1 4 8 72 187 549 960 1323 1502 1843 2001 2323 2651 
1 2 7 75 192 559 970 1334 1637 1968 2296 2323 2651 
1 2 7 75 192 482 545 1127 1301 1648 1820 1988 2156 2323 2651 
1 2 5 11 78 198 742 1023 1389 1557 1723 2049 2199 2493 2651 
1 2 6 83 203 765 1026 1209 1381 1549 1715 1877 2035 2357 2651 
1 2 5 11 80 554 990 1173 1346 1687 2019 2177 2335 2493 2651 
1 2 5 13 196 554 990 1173 1346 1515 1849 2177 2335 2493 2651 
1 2 7 76 196 554 1181 1495 1830 1998 2165 2493 2651 
1 2 6 81 208 785 1036 1217 1389 1557 1891 2041 2335 2493 2651 
1 4 9 76 196 554 990 1353 1699 1861 2019 2177 2335 2493 2651 
1 2 7 76 196 554 990 1353 1699 1861 2019 2177 2335 2493 2651 
1 3 14 84 211 806 1046 1404 1715 1877 2035 2357 2651 
1 4 8 73 193 576 980 1343 1521 1861 2019 2177 2335 2493 2651 
1 2 5 13 195 191 552 978 1301 1648 1820 1988 2156 2323 2651 
1 2 5 12 201 784 1057 1058 1059 1060 851 355 409 453 491 745 1018 1201 1547 1705 2001 2323 2651 
1 3 16 204 1046 1226 1571 1877 2199 2493 2651 
1 2 5 12 203 1033 1397 1565 1731 2057 2207 2357 2651 
1 2 5 11 79 765 1026 1209 1555 1861 2019 2177 2335 2493 2651 
1 2 7 76 196 998 1171 1485 1820 1988 2156 2323 2651 
1 2 5 11 80 741 993 994 995 951 308 349 409 453 491 745 1018 1201 1546 1885 2207 2357 2651 
1 4 8 72 187 549 960 1323 1671 1833 2156 2323 2651 
1 2 5 11 78 198 489 581 1010 1193 1538 1877 2199 2493 2651 
1 2 7 76 196 554 1181 1495 1661 1988 2156 2323 2651 
1 4 9 191 970 1153 1326 1668 1840 2007 2335 2493 2651 
1 2 5 11 79 496 1036 1217 1389 1557 1891 2041 2335 2493 2651 
1 3 16 83 782 1043 1406 1573 1908 2057 2207 2357 2651 
1 4 8 72 187 549 1150 1333 1681 2007 2335 2493 2651 
1 3 16 83 782 1226 1397 1565 1899 2049 2199 2493 2651 
1 2 5 11 78 198 489 581 1010 1370 1546 1885 2207 2357 2651 
1 2 5 11 79 765 1026 1209 1381 1721 2019 2177 2335 2493 2651 
1 2 5 13 196 554 990 1173 1346 1515 1681 1843 2001 2323 2651 
1 2 5 12 201 785 1224 1541 1707 1869 2027 2185 2343 2664 2952 3034 3035 3036 2082 2049 2199 2493 2651 
1 2 6 81 206 806 1046 1226 1397 1565 1731 2057 2207 2357 2651 
1 2 5 11 78 198 489 581 1010 1371 1681 1843 2165 2493 2651 
1 2 5 11 78 198 489 581 1010 1370 1715 2041 2335 2493 2651 
1 2 6 81 206 806 1046 1226 1571 1877 2035 2357 2651 
1 2 5 11 80 487 980 1163 1336 1505 1671 1833 2156 2323 2651 
1 4 9 76 196 998 1326 1668 2001 2323 2651 
1 2 5 11 78 198 489 581 1010 1193 1365 1704 2035 2357 2651 
1 4 10 18 156 542 1140 1323 1502 1843 2001 2323 2651 
1 4 8 72 188 559 1161 1471 1810 2138 2165 2493 2651 
1 2 6 81 208 785 1036 1217 1389 1729 1883 2177 2335 2493 2651 
1 4 8 72 187 549 960 1143 1492 1668 2001 2323 2651 
1 2 7 75 192 559 970 1153 1502 1843 2001 2323 2651 
1 3 14 84 211 806 1046 1226 1571 1877 2199 2493 2651 
1 4 9 76 196 997 1190 1541 1707 1869 2027 2185 2343 2664 2952 3034 3035 3036 2082 2049 2199 2493 2651 
1 4 9 191 552 1143 1316 1485 1820 1988 2156 2323 2651 
1 2 7 76 196 554 990 1173 1346 1515 1681 1843 2001 2323 2651 
1 3 15 89 229 1075 1397 1737 2035 2357 2651 
1 3 16 204 803 1235 1581 1885 2207 2357 2651 
1 2 7 75 192 482 960 1143 1492 1668 2001 2323 2651 
1 2 5 11 78 198 489 581 1010 1371 1531 1833 2156 2323 2651 
1 2 5 11 79 764 1047 1048 1049 1050 831 833 394 447 485 564 1000 1183 1531 1833 2156 2323 2651 
1 3 16 204 803 1053 1416 1583 1749 2075 2389 2357 2651 
1 2 5 11 78 198 489 581 1198 1549 1883 2177 2335 2493 2651 
1 2 5 13 195 191 552 1143 1492 1668 2001 2323 2651 
1 4 8 72 188 559 970 1153 1502 1843 2165 2493 2651 
1 2 7 75 192 559 970 1153 1502 1843 2165 2493 2651 
1 2 6 81 207 826 827 828 829 830 315 355 409 453 491 745 1018 1201 1547 1705 2001 2323 2651 
1 4 8 72 187 549 960 1323 1502 1843 2165 2493 2651 
1 4 8 73 193 576 980 1163 1336 1505 1671 1833 2156 2323 2651 
1 4 9 76 196 554 990 1173 1346 1515 1849 2177 2335 2493 2651 
1 2 6 83 203 765 1026 1209 1381 1549 1883 2177 2335 2493 2651 
1 2 7 76 196 997 1190 1541 1707 1869 2027 2185 2343 2664 2952 3034 3035 3036 2082 2049 2199 2493 2651 
1 2 6 81 206 506 822 1245 1591 1747 1899 2049 2199 2493 2651 
1 2 5 11 80 487 980 1163 1336 1678 1849 2177 2335 2493 2651 
1 3 14 84 211 1053 1416 1757 1908 2057 2207 2357 2651 
1 2 5 11 80 554 1181 1495 1830 1998 2165 2493 2651 
1 2 6 81 206 806 1046 1403 1749 2075 2389 2357 2651 
1 2 7 77 180 542 935 1313 1492 1668 2001 2323 2651 
1 2 6 81 206 806 1232 1583 1917 2231 2199 2493 2651 
1 3 16 83 203 765 1214 1565 1899 2049 2199 2493 2651 
1 2 5 11 78 199 1026 1209 1381 1549 1715 1877 2035 2357 2651 
1 4 8 73 552 978 1301 1648 1820 1988 2156 2323 2651 
1 4 9 76 196 554 1181 1495 1830 1998 2165 2493 2651 
1 4 9 191 552 978 1301 1471 1637 1968 2296 2323 2651 
1 3 16 83 782 1226 1397 1737 2035 2357 2651 
1 2 5 12 203 1034 1207 1524 1690 1852 2010 2168 2326 2649 2936 3008 3009 3010 1970 1998 2165 2493 2651 
1 4 8 72 188 559 970 1153 1326 1668 1840 2007 2335 2493 2651 
1 2 5 12 203 765 1026 1209 1555 1861 2019 2177 2335 2493 2651 
1 2 6 81 208 785 1036 1217 1389 1557 1723 1885 2207 2357 2651 
1 2 7 75 192 559 970 1153 1326 1668 2001 2323 2651 
1 2 6 83 782 1226 1571 1877 2035 2357 2651 
1 2 5 11 78 198 489 581 1198 1549 1715 1877 2199 2493 2651 
1 2 6 81 206 506 822 1245 1416 1757 1908 2057 2207 2357 2651 
1 3 14 84 211 806 1046 1403 1749 2075 2389 2357 2651 
1 4 10 18 156 542 1140 1323 1502 1843 2165 2493 2651 
1 2 7 75 194 546 547 548 272 275 310 347 394 447 485 564 1000 1183 1530 1704 2035 2357 2651 
1 2 5 11 78 198 489 1015 1206 1557 1723 1885 2207 2357 2651 
1 2 5 12 203 1033 1397 1565 1899 2049 2199 2493 2651 
1 4 8 73 193 576 1170 1524 1690 1852 2010 2168 2326 2649 2936 3008 3009 3010 1970 1998 2165 2493 2651 
1 3 15 89 229 845 1253 1414 1571 1877 2035 2357 2651 
1 4 8 73 193 576 1171 1485 1820 1988 2156 2323 2651 
1 2 6 81 208 785 1036 1217 1389 1557 1723 2049 2199 2493 2651 
1 2 5 11 78 198 489 581 1199 1515 1681 1843 2001 2323 2651 
1 2 5 13 195 191 970 1153 1326 1668 2001 2323 2651 
1 2 5 11 78 198 489 581 1199 1515 1681 1843 2165 2493 2651 
1 3 14 84 209 825 1056 1414 1571 1877 2199 2493 2651 
1 3 14 86 208 785 1224 1541 1707 1869 2027 2185 2343 2664 2952 3034 3035 3036 2082 2049 2199 2493 2651 
1 3 14 86 208 785 1036 1395 1555 1861 2019 2177 2335 2493 2651 
1 2 5 13 195 191 970 1153 1326 1495 1661 1988 2156 2323 2651 
1 2 6 83 203 1033 1397 1565 1731 2057 2207 2357 2651 
1 3 16 83 203 765 1026 1387 1699 1861 2019 2177 2335 2493 2651 
1 2 7 75 192 559 970 1153 1326 1495 1830 1998 2165 2493 2651 
1 3 14 84 211 806 1046 1226 1397 1737 1891 2041 2335 2493 2651 
1 2 7 76 196 554 1180 1533 1699 1861 2019 2177 2335 2493 2651 
1 4 8 72 187 549 960 1143 1316 1658 1830 1998 2165 2493 2651 
1 2 5 11 78 198 489 1016 1346 1515 1681 1843 2001 2323 2651 
1 2 6 81 206 506 1056 1235 1406 1573 1908 2057 2207 2357 2651 
1 2 5 11 79 765 1026 1209 1381 1549 1883 2177 2335 2493 2651 
1 3 16 204 1046 1226 1397 1737 1891 2041 2335 2493 2651 
1 2 6 81 206 806 1046 1226 1571 1877 2199 2493 2651 
1 4 8 73 552 1143 1492 1833 2156 2323 2651 
1 2 7 75 192 559 970 1153 1326 1668 1840 2007 2335 2493 2651 
1 2 7 75 192 482 960 1143 1316 1658 1830 1998 2165 2493 2651 
1 3 14 84 209 825 1243 1404 1715 1877 2035 2357 2651 
1 4 9 76 196 554 990 1173 1346 1515 1681 1843 2001 2323 2651 
1 2 5 11 78 198 489 581 1010 1370 1715 1877 2199 2493 2651 
1 2 5 11 78 198 489 581 1010 1193 1538 1877 2035 2357 2651 
1 3 14 86 208 1043 1406 1573 1908 2057 2207 2357 2651 
1 3 16 204 1046 1226 1397 1565 1899 2049 2199 2493 2651 
1 4 9 76 196 554 1180 1533 1699 1861 2019 2177 2335 2493 2651 
1 2 6 81 206 506 1056 1235 1581 1737 2035 2357 2651 
1 3 14 86 208 785 1036 1217 1389 1557 1723 1885 2207 2357 2651 
1 4 8 72 188 559 970 1153 1502 1843 2001 2323 2651 
1 2 7 76 196 998 1326 1668 2001 2323 2651 
1 2 6 81 206 506 1056 1235 1581 1885 2207 2357 2651 
1 4 9 191 970 1153 1326 1668 2001 2323 2651 
1 3 14 84 209 509 1066 1424 1581 1737 1891 2041 2335 2493 2651 
1 2 6 81 208 1043 1406 1573 1908 2057 2207 2357 2651 
1 3 14 84 209 825 1056 1235 1406 1573 1908 2057 2207 2357 2651 
1 4 8 72 188 559 970 1334 1637 1968 2296 2323 2651 
1 2 5 13 195 577 983 984 985 950 305 347 394 447 485 564 1000 1183 1531 1833 2156 2323 2651 
1 2 5 12 203 765 1026 1209 1381 1549 1715 1877 2035 2357 2651 
1 3 14 84 209 825 1056 1235 1581 1737 2035 2357 2651 
1 2 6 83 782 1043 1232 1583 1917 2231 2199 2493 2651 
1 2 5 11 78 198 743 1008 1336 1505 1671 1998 2165 2493 2651 
1 2 6 83 782 1226 1397 1565 1899 2049 2199 2493 2651 
1 2 7 75 193 576 980 1163 1336 1505 1671 1998 2165 2493 2651 
1 2 5 11 80 487 980 1163 1336 1505 1840 2007 2335 2493 2651 
1 4 9 191 970 1153 1326 1495 1661 1988 2156 2323 2651 
1 2 5 11 78 198 489 581 1199 1363 1671 1998 2165 2493 2651 
1 2 5 11 80 487 980 1163 1336 1505 1671 1998 2165 2493 2651 
1 2 5 11 78 198 742 1023 1389 1729 1883 2177 2335 2493 2651 
1 3 14 84 209 825 1243 1404 1715 2041 2335 2493 2651 
1 3 16 83 203 765 1026 1209 1555 1861 2019 2177 2335 2493 2651 
1 2 6 83 203 1033 1223 1573 1908 2057 2207 2357 2651 
1 3 14 84 209 825 1056 1414 1723 1885 2207 2357 2651 
1 3 15 89 229 1075 1243 1404 1715 1877 2035 2357 2651 
1 4 8 73 193 576 980 1163 1336 1678 1849 2177 2335 2493 2651 
1 2 6 83 782 1226 1397 1565 1731 2057 2207 2357 2651 
1 3 14 84 211 806 1046 1404 1715 2041 2335 2493 2651 
1 2 7 76 562 988 1161 1471 1810 2138 2165 2493 2651 
1 2 5 11 78 198 489 581 1198 1378 1723 1885 2207 2357 2651 
1 2 5 12 201 204 803 1235 1406 1573 1908 2057 2207 2357 2651 
1 2 5 12 201 204 1046 1226 1397 1737 2035 2357 2651 
1 2 5 11 79 765 1026 1387 1699 1861 2019 2177 2335 2493 2651 
1 3 16 204 803 1235 1406 1747 1899 2049 2199 2493 2651 
1 2 5 11 78 198 743 1173 1346 1515 1681 1843 2001 2323 2651 
1 4 9 76 562 988 1316 1485 1820 1988 2156 2323 2651 
1 2 5 11 79 765 1026 1209 1381 1549 1715 1877 2035 2357 2651 
1 2 5 11 78 198 489 581 1199 1515 1849 2177 2335 2493 2651 
1 2 6 81 206 506 1056 1235 1406 1747 1899 2049 2199 2493 2651 
1 2 7 76 196 998 1326 1495 1661 1988 2156 2323 2651 
1 3 14 84 211 806 1046 1226 1397 1565 1731 2057 2207 2357 2651 
1 3 14 84 211 806 1232 1583 1917 2231 2199 2493 2651 
1 2 5 13 196 554 1180 1533 1699 1861 2019 2177 2335 2493 2651 
1 3 14 86 803 1235 1406 1747 1899 2049 2199 2493 2651 
1 3 14 84 209 825 1056 1414 1571 1877 2035 2357 2651 
1 3 14 84 209 509 1066 1424 1581 1737 2035 2357 2651 
1 4 8 72 187 549 960 1143 1492 1833 2156 2323 2651 
1 3 16 204 1046 1226 1397 1737 2035 2357 2651 
1 2 7 75 193 576 980 1163 1336 1505 1840 2007 2335 2493 2651 
1 2 7 75 193 987 1356 1524 1690 1852 2010 2168 2326 2649 2936 3008 3009 3010 1970 1998 2165 2493 2651 
1 4 9 76 196 554 990 1354 1661 1988 2156 2323 2651 
1 2 6 83 203 1033 1397 1737 2035 2357 2651 
1 2 5 11 78 198 489 581 1198 1378 1723 2049 2199 2493 2651 
1 2 7 76 196 554 990 1173 1346 1515 1849 2177 2335 2493 2651 
1 3 14 86 803 1053 1416 1757 1908 2057 2207 2357 2651 
1 4 9 191 552 1143 1316 1658 1830 1998 2165 2493 2651 
1 3 16 83 203 1033 1397 1565 1731 2057 2207 2357 2651 
1 3 14 84 209 825 1056 1235 1581 1737 1891 2041 2335 2493 2651 
