492 0
1144 1
114 1
818 0
1000 1
1165 1
8 1
24 1
1 1
335 0
61 1
636 1
1298 1
213 0
981 1
354 0
26 1
474 0
198 0
337 0
124 1
839 0
799 1
126 0
674 0
837 0
316 0
212 0
131 0
695 0
532 0
656 0
1126 0
493 0
53 0
9 0
494 0
344 0
454 1
116 0
101 1
300 1
22 0
370 1
693 0
1410 1
455 1
67 1
209 0
69 0
25 0
6 1
143 0
14 1
186 1
59 0
785 0
971 0
239 0
1025 1
355 0
699 0
237 1
536 0
520 0
142 0
2 0
56 1
1330 1
3 1
512 0
250 0
150 0
138 0
718 1
13 0
7 1
49 1
21 0
10 1
120 0
527 0
196 1
1134 0
1035 1
238 1
1180 1
33 0
379 1
231 1
66 1
