NumVertices: 524
NumEdges: 1467
1 1 2 50.000000
2 1 3 159.784312
3 1 4 159.784312
4 1 5 156.904908
5 1 6 156.904908
6 1 7 114.364466
7 1 8 114.364466
8 2 9 50.000000
9 2 10 159.784312
10 3 10 50.000000
11 2 11 159.784312
12 4 11 50.000000
13 2 12 156.904908
14 2 13 156.904908
15 2 14 114.364466
16 2 15 114.364466
17 6 16 50.000000
18 6 17 114.364466
19 6 18 206.501157
20 16 19 50.000000
21 16 20 114.364466
22 19 21 50.000000
23 8 22 70.710678
24 8 23 114.364466
25 8 24 114.364466
26 13 24 50.000000
27 9 25 50.000000
28 9 26 159.784312
29 10 26 50.000000
30 9 27 159.784312
31 11 27 50.000000
32 9 28 156.904908
33 9 29 156.904908
34 9 30 114.364466
35 9 31 114.364466
36 7 32 70.710678
37 7 33 114.364466
38 12 33 50.000000
39 7 34 114.364466
40 5 35 50.000000
41 5 36 114.364466
42 5 37 206.501157
43 35 38 50.000000
44 35 39 114.364466
45 38 40 50.000000
46 17 41 70.710678
47 24 41 114.364466
48 13 42 206.501157
49 17 42 114.364466
50 18 42 50.000000
51 24 43 50.000000
52 43 44 50.000000
53 13 45 114.364466
54 22 46 70.710678
55 22 47 114.364466
56 22 48 114.364466
57 57 48 50.000000
58 3 49 159.784312
59 4 49 159.784312
60 105 49 50.000000
61 4 50 159.784312
62 31 50 114.364466
63 56 50 50.000000
64 4 51 156.904908
65 4 52 156.904908
66 31 52 114.364466
67 62 52 50.000000
68 4 53 114.364466
69 4 54 114.364466
70 31 54 70.710678
71 15 55 70.710678
72 15 56 114.364466
73 23 56 50.000000
74 15 57 114.364466
75 29 57 50.000000
76 25 58 50.000000
77 25 59 159.784312
78 26 59 50.000000
79 25 60 159.784312
80 27 60 50.000000
81 25 61 156.904908
82 51 61 50.000000
83 25 62 156.904908
84 67 62 50.000000
85 25 63 114.364466
86 25 64 114.364466
87 3 65 159.784312
88 30 65 114.364466
89 72 65 50.000000
90 3 66 156.904908
91 30 66 114.364466
92 61 66 50.000000
93 3 67 156.904908
94 3 68 114.364466
95 30 68 70.710678
96 3 69 114.364466
97 14 70 70.710678
98 14 71 114.364466
99 28 71 50.000000
100 14 72 114.364466
101 34 72 50.000000
102 32 73 70.710678
103 32 74 114.364466
104 71 74 50.000000
105 32 75 114.364466
106 12 76 114.364466
107 12 77 206.501157
108 36 77 114.364466
109 37 77 50.000000
110 33 78 50.000000
111 33 79 114.364466
112 36 79 70.710678
113 78 80 50.000000
114 18 81 159.784312
115 67 81 206.501157
116 88 81 50.000000
117 96 81 114.364466
118 18 82 156.904908
119 18 83 114.364466
120 48 84 50.000000
121 45 85 70.710678
122 57 85 114.364466
123 29 86 206.501157
124 42 86 50.000000
125 45 86 114.364466
126 29 87 114.364466
127 46 87 70.710678
128 46 88 114.364466
129 46 89 114.364466
130 98 89 50.000000
131 23 90 159.784312
132 58 90 159.784312
133 60 90 50.000000
134 69 90 114.364466
135 23 91 159.784312
136 54 91 114.364466
137 97 91 50.000000
138 23 92 156.904908
139 205 92 50.000000
140 23 93 156.904908
141 54 93 114.364466
142 102 93 50.000000
143 23 94 114.364466
144 23 95 114.364466
145 54 95 70.710678
146 67 95 114.364466
147 55 96 70.710678
148 47 97 50.000000
149 55 97 114.364466
150 52 98 50.000000
151 55 98 114.364466
152 10 99 159.784312
153 11 99 159.784312
154 49 99 50.000000
155 11 100 159.784312
156 50 100 50.000000
157 64 100 114.364466
158 11 101 156.904908
159 92 101 50.000000
160 11 102 156.904908
161 64 102 114.364466
162 108 102 50.000000
163 11 103 114.364466
164 11 104 114.364466
165 64 104 70.710678
166 58 105 50.000000
167 34 106 159.784312
168 53 106 114.364466
169 58 106 159.784312
170 59 106 50.000000
171 53 107 114.364466
172 58 107 156.904908
173 101 107 50.000000
174 58 108 156.904908
175 69 108 114.364466
176 113 108 50.000000
177 53 109 70.710678
178 58 109 114.364466
179 58 110 114.364466
180 69 110 70.710678
181 10 111 159.784312
182 63 111 114.364466
183 65 111 50.000000
184 10 112 156.904908
185 63 112 114.364466
186 107 112 50.000000
187 10 113 156.904908
188 118 113 50.000000
189 10 114 114.364466
190 63 114 70.710678
191 10 115 114.364466
192 34 116 159.784312
193 68 116 114.364466
194 123 116 50.000000
195 34 117 156.904908
196 68 117 114.364466
197 112 117 50.000000
198 34 118 156.904908
199 234 118 50.000000
200 34 119 114.364466
201 51 119 114.364466
202 68 119 70.710678
203 34 120 114.364466
204 70 121 70.710678
205 66 122 50.000000
206 70 122 114.364466
207 70 123 114.364466
208 75 123 50.000000
209 28 124 114.364466
210 73 124 70.710678
211 28 125 206.501157
212 76 125 114.364466
213 77 125 50.000000
214 73 126 114.364466
215 122 126 50.000000
216 73 127 114.364466
217 71 128 114.364466
218 76 128 70.710678
219 74 129 50.000000
220 37 130 159.784312
221 51 130 206.501157
222 121 130 114.364466
223 127 130 50.000000
224 37 131 156.904908
225 37 132 114.364466
226 42 133 159.784312
227 47 133 159.784312
228 81 133 50.000000
229 95 133 114.364466
230 113 133 206.501157
231 42 134 156.904908
232 42 135 114.364466
233 52 136 114.364466
234 87 136 70.710678
235 62 137 206.501157
236 86 137 50.000000
237 87 137 114.364466
238 27 138 159.784312
239 47 138 159.784312
240 100 138 50.000000
241 110 138 114.364466
242 234 138 206.501157
243 47 139 156.904908
244 191 139 50.000000
245 47 140 156.904908
246 95 140 114.364466
247 148 140 50.000000
248 47 141 114.364466
249 47 142 114.364466
250 95 142 70.710678
251 108 142 114.364466
252 62 143 114.364466
253 96 143 70.710678
254 93 144 50.000000
255 96 144 114.364466
256 56 145 159.784312
257 90 145 50.000000
258 105 145 159.784312
259 115 145 114.364466
260 233 145 206.501157
261 56 146 159.784312
262 83 146 114.364466
263 91 146 50.000000
264 104 146 114.364466
265 118 146 206.501157
266 56 147 156.904908
267 139 147 50.000000
268 56 148 156.904908
269 104 148 114.364466
270 153 148 50.000000
271 56 149 114.364466
272 82 149 114.364466
273 56 150 114.364466
274 104 150 70.710678
275 113 150 114.364466
276 26 151 159.784312
277 27 151 159.784312
278 82 151 206.501157
279 94 151 114.364466
280 99 151 50.000000
281 120 151 114.364466
282 131 151 206.501157
283 27 152 156.904908
284 94 152 114.364466
285 147 152 50.000000
286 27 153 156.904908
287 110 153 114.364466
288 158 153 50.000000
289 27 154 114.364466
290 94 154 70.710678
291 199 154 114.364466
292 27 155 114.364466
293 110 155 70.710678
294 118 155 114.364466
295 72 156 159.784312
296 103 156 114.364466
297 105 156 159.784312
298 106 156 50.000000
299 199 156 206.501157
300 103 157 114.364466
301 105 157 156.904908
302 152 157 50.000000
303 105 158 156.904908
304 115 158 114.364466
305 163 158 50.000000
306 103 159 70.710678
307 105 159 114.364466
308 205 159 114.364466
309 105 160 114.364466
310 115 160 70.710678
311 234 160 114.364466
312 26 161 159.784312
313 75 161 159.784312
314 109 161 114.364466
315 111 161 50.000000
316 205 161 206.501157
317 26 162 156.904908
318 109 162 114.364466
319 157 162 50.000000
320 26 163 156.904908
321 120 163 114.364466
322 168 163 50.000000
323 26 164 114.364466
324 92 164 114.364466
325 109 164 70.710678
326 26 165 114.364466
327 120 165 70.710678
328 233 165 114.364466
329 72 166 159.784312
330 92 166 206.501157
331 114 166 114.364466
332 116 166 50.000000
333 132 166 114.364466
334 72 167 156.904908
335 114 167 114.364466
336 162 167 50.000000
337 72 168 156.904908
338 175 168 50.000000
339 72 169 114.364466
340 101 169 114.364466
341 114 169 70.710678
342 72 170 114.364466
343 131 170 114.364466
344 61 171 114.364466
345 121 171 70.710678
346 61 172 206.501157
347 124 172 114.364466
348 125 172 50.000000
349 75 173 159.784312
350 77 173 159.784312
351 101 173 206.501157
352 119 173 114.364466
353 130 173 50.000000
354 75 174 156.904908
355 119 174 114.364466
356 167 174 50.000000
357 75 175 156.904908
358 240 175 50.000000
359 75 176 114.364466
360 107 176 114.364466
361 119 176 70.710678
362 75 177 114.364466
363 117 178 50.000000
364 121 178 114.364466
365 66 179 114.364466
366 124 179 70.710678
367 77 180 156.904908
368 77 181 114.364466
369 86 182 159.784312
370 97 182 159.784312
371 133 182 50.000000
372 150 182 114.364466
373 163 182 206.501157
374 86 183 156.904908
375 86 184 114.364466
376 50 185 159.784312
377 88 185 159.784312
378 135 185 114.364466
379 146 185 50.000000
380 155 185 114.364466
381 168 185 206.501157
382 88 186 159.784312
383 142 186 114.364466
384 158 186 206.501157
385 193 186 50.000000
386 88 187 156.904908
387 135 187 114.364466
388 183 187 50.000000
389 88 188 114.364466
390 135 188 70.710678
391 88 189 114.364466
392 142 189 70.710678
393 153 189 114.364466
394 83 190 70.710678
395 83 191 114.364466
396 134 191 50.000000
397 102 192 114.364466
398 143 192 70.710678
399 108 193 206.501157
400 137 193 50.000000
401 143 193 114.364466
402 60 194 159.784312
403 97 194 159.784312
404 138 194 50.000000
405 160 194 114.364466
406 175 194 206.501157
407 190 194 114.364466
408 97 195 156.904908
409 187 195 50.000000
410 190 195 114.364466
411 97 196 156.904908
412 150 196 114.364466
413 202 196 50.000000
414 97 197 114.364466
415 190 197 70.710678
416 97 198 114.364466
417 150 198 70.710678
418 158 198 114.364466
419 82 199 50.000000
420 49 200 159.784312
421 50 200 159.784312
422 141 200 114.364466
423 145 200 50.000000
424 165 200 114.364466
425 240 200 206.501157
426 50 201 156.904908
427 141 201 114.364466
428 195 201 50.000000
429 50 202 156.904908
430 155 202 114.364466
431 208 202 50.000000
432 50 203 114.364466
433 134 203 114.364466
434 141 203 70.710678
435 50 204 114.364466
436 155 204 70.710678
437 163 204 114.364466
438 199 205 50.000000
439 59 206 159.784312
440 60 206 159.784312
441 134 206 206.501157
442 149 206 114.364466
443 151 206 50.000000
444 170 206 114.364466
445 180 206 206.501157
446 60 207 156.904908
447 149 207 114.364466
448 201 207 50.000000
449 60 208 156.904908
450 160 208 114.364466
451 213 208 50.000000
452 60 209 114.364466
453 149 209 70.710678
454 191 209 114.364466
455 60 210 114.364466
456 160 210 70.710678
457 168 210 114.364466
458 49 211 159.784312
459 65 211 159.784312
460 154 211 114.364466
461 156 211 50.000000
462 177 211 114.364466
463 191 211 206.501157
464 49 212 156.904908
465 154 212 114.364466
466 207 212 50.000000
467 49 213 156.904908
468 165 213 114.364466
469 218 213 50.000000
470 49 214 114.364466
471 139 214 114.364466
472 154 214 70.710678
473 49 215 114.364466
474 165 215 70.710678
475 175 215 114.364466
476 59 216 159.784312
477 123 216 159.784312
478 139 216 206.501157
479 159 216 114.364466
480 161 216 50.000000
481 239 216 114.364466
482 59 217 156.904908
483 159 217 114.364466
484 212 217 50.000000
485 59 218 156.904908
486 170 218 114.364466
487 223 218 50.000000
488 59 219 114.364466
489 147 219 114.364466
490 159 219 70.710678
491 59 220 114.364466
492 170 220 70.710678
493 240 220 114.364466
494 65 221 159.784312
495 127 221 159.784312
496 147 221 206.501157
497 164 221 114.364466
498 166 221 50.000000
499 181 221 114.364466
500 65 222 156.904908
501 164 222 114.364466
502 217 222 50.000000
503 65 223 156.904908
504 177 223 114.364466
505 229 223 50.000000
506 65 224 114.364466
507 152 224 114.364466
508 164 224 70.710678
509 65 225 114.364466
510 177 225 70.710678
511 180 225 114.364466
512 107 226 206.501157
513 171 226 114.364466
514 172 226 50.000000
515 123 227 159.784312
516 125 227 159.784312
517 152 227 206.501157
518 169 227 114.364466
519 173 227 50.000000
520 123 228 156.904908
521 169 228 114.364466
522 222 228 50.000000
523 123 229 156.904908
524 236 229 50.000000
525 239 229 114.364466
526 123 230 114.364466
527 157 230 114.364466
528 169 230 70.710678
529 123 231 114.364466
530 239 231 70.710678
531 112 232 114.364466
532 171 232 70.710678
533 131 233 50.000000
534 233 234 50.000000
535 127 235 159.784312
536 157 235 206.501157
537 176 235 114.364466
538 226 235 50.000000
539 127 236 156.904908
540 181 236 114.364466
541 241 236 50.000000
542 127 237 114.364466
543 162 237 114.364466
544 176 237 70.710678
545 127 238 114.364466
546 181 238 70.710678
547 132 239 70.710678
548 132 240 114.364466
549 180 240 50.000000
550 125 241 156.904908
551 125 242 114.364466
552 91 243 159.784312
553 137 243 159.784312
554 182 243 50.000000
555 204 243 114.364466
556 218 243 206.501157
557 137 244 156.904908
558 137 245 114.364466
559 81 246 159.784312
560 100 246 159.784312
561 184 246 114.364466
562 185 246 50.000000
563 210 246 114.364466
564 223 246 206.501157
565 81 247 159.784312
566 186 247 50.000000
567 198 247 114.364466
568 213 247 206.501157
569 81 248 156.904908
570 184 248 114.364466
571 244 248 50.000000
572 81 249 114.364466
573 184 249 70.710678
574 81 250 114.364466
575 198 250 70.710678
576 208 250 114.364466
577 90 251 159.784312
578 91 251 159.784312
579 188 251 114.364466
580 194 251 50.000000
581 215 251 114.364466
582 229 251 206.501157
583 91 252 156.904908
584 188 252 114.364466
585 248 252 50.000000
586 91 253 156.904908
587 204 253 114.364466
588 258 253 50.000000
589 91 254 114.364466
590 188 254 70.710678
591 91 255 114.364466
592 204 255 70.710678
593 213 255 114.364466
594 99 256 159.784312
595 100 256 159.784312
596 197 256 114.364466
597 200 256 50.000000
598 220 256 114.364466
599 236 256 206.501157
600 100 257 156.904908
601 197 257 114.364466
602 252 257 50.000000
603 100 258 156.904908
604 210 258 114.364466
605 263 258 50.000000
606 100 259 114.364466
607 183 259 114.364466
608 197 259 70.710678
609 100 260 114.364466
610 210 260 70.710678
611 218 260 114.364466
612 90 261 159.784312
613 106 261 159.784312
614 183 261 206.501157
615 203 261 114.364466
616 206 261 50.000000
617 225 261 114.364466
618 241 261 206.501157
619 90 262 156.904908
620 203 262 114.364466
621 257 262 50.000000
622 90 263 156.904908
623 215 263 114.364466
624 268 263 50.000000
625 90 264 114.364466
626 187 264 114.364466
627 203 264 70.710678
628 90 265 114.364466
629 215 265 70.710678
630 223 265 114.364466
631 99 266 159.784312
632 111 266 159.784312
633 187 266 206.501157
634 209 266 114.364466
635 211 266 50.000000
636 231 266 114.364466
637 99 267 156.904908
638 209 267 114.364466
639 262 267 50.000000
640 99 268 156.904908
641 220 268 114.364466
642 273 268 50.000000
643 99 269 114.364466
644 195 269 114.364466
645 209 269 70.710678
646 99 270 114.364466
647 220 270 70.710678
648 229 270 114.364466
649 106 271 159.784312
650 116 271 159.784312
651 195 271 206.501157
652 214 271 114.364466
653 216 271 50.000000
654 238 271 114.364466
655 106 272 156.904908
656 214 272 114.364466
657 267 272 50.000000
658 106 273 156.904908
659 225 273 114.364466
660 278 273 50.000000
661 106 274 114.364466
662 201 274 114.364466
663 214 274 70.710678
664 106 275 114.364466
665 225 275 70.710678
666 236 275 114.364466
667 111 276 159.784312
668 130 276 159.784312
669 201 276 206.501157
670 219 276 114.364466
671 221 276 50.000000
672 242 276 114.364466
673 111 277 156.904908
674 219 277 114.364466
675 272 277 50.000000
676 111 278 156.904908
677 231 278 114.364466
678 283 278 50.000000
679 111 279 114.364466
680 207 279 114.364466
681 219 279 70.710678
682 111 280 114.364466
683 231 280 70.710678
684 241 280 114.364466
685 116 281 159.784312
686 172 281 159.784312
687 207 281 206.501157
688 224 281 114.364466
689 227 281 50.000000
690 116 282 156.904908
691 224 282 114.364466
692 277 282 50.000000
693 116 283 156.904908
694 238 283 114.364466
695 287 283 50.000000
696 116 284 114.364466
697 212 284 114.364466
698 224 284 70.710678
699 116 285 114.364466
700 238 285 70.710678
701 130 286 159.784312
702 212 286 206.501157
703 230 286 114.364466
704 235 286 50.000000
705 130 287 156.904908
706 242 287 114.364466
707 290 287 50.000000
708 130 288 114.364466
709 217 288 114.364466
710 230 288 70.710678
711 130 289 114.364466
712 242 289 70.710678
713 172 290 156.904908
714 172 291 114.364466
715 146 292 159.784312
716 193 292 159.784312
717 243 292 50.000000
718 260 292 114.364466
719 273 292 206.501157
720 193 293 156.904908
721 193 294 114.364466
722 133 295 159.784312
723 138 295 159.784312
724 245 295 114.364466
725 246 295 50.000000
726 265 295 114.364466
727 278 295 206.501157
728 133 296 159.784312
729 247 296 50.000000
730 255 296 114.364466
731 268 296 206.501157
732 133 297 156.904908
733 245 297 114.364466
734 293 297 50.000000
735 133 298 114.364466
736 245 298 70.710678
737 133 299 114.364466
738 255 299 70.710678
739 263 299 114.364466
740 145 300 159.784312
741 146 300 159.784312
742 249 300 114.364466
743 251 300 50.000000
744 270 300 114.364466
745 283 300 206.501157
746 146 301 156.904908
747 249 301 114.364466
748 297 301 50.000000
749 146 302 156.904908
750 260 302 114.364466
751 307 302 50.000000
752 146 303 114.364466
753 249 303 70.710678
754 146 304 114.364466
755 260 304 70.710678
756 268 304 114.364466
757 138 305 159.784312
758 151 305 159.784312
759 254 305 114.364466
760 256 305 50.000000
761 275 305 114.364466
762 287 305 206.501157
763 138 306 156.904908
764 254 306 114.364466
765 301 306 50.000000
766 138 307 156.904908
767 265 307 114.364466
768 312 307 50.000000
769 138 308 114.364466
770 244 308 114.364466
771 254 308 70.710678
772 138 309 114.364466
773 265 309 70.710678
774 273 309 114.364466
775 145 310 159.784312
776 156 310 159.784312
777 244 310 206.501157
778 259 310 114.364466
779 261 310 50.000000
780 280 310 114.364466
781 290 310 206.501157
782 145 311 156.904908
783 259 311 114.364466
784 306 311 50.000000
785 145 312 156.904908
786 270 312 114.364466
787 317 312 50.000000
788 145 313 114.364466
789 248 313 114.364466
790 259 313 70.710678
791 145 314 114.364466
792 270 314 70.710678
793 278 314 114.364466
794 151 315 159.784312
795 161 315 159.784312
796 248 315 206.501157
797 264 315 114.364466
798 266 315 50.000000
799 285 315 114.364466
800 151 316 156.904908
801 264 316 114.364466
802 311 316 50.000000
803 151 317 156.904908
804 275 317 114.364466
805 322 317 50.000000
806 151 318 114.364466
807 252 318 114.364466
808 264 318 70.710678
809 151 319 114.364466
810 275 319 70.710678
811 283 319 114.364466
812 156 320 159.784312
813 166 320 159.784312
814 252 320 206.501157
815 269 320 114.364466
816 271 320 50.000000
817 289 320 114.364466
818 156 321 156.904908
819 269 321 114.364466
820 316 321 50.000000
821 156 322 156.904908
822 280 322 114.364466
823 327 322 50.000000
824 156 323 114.364466
825 257 323 114.364466
826 269 323 70.710678
827 156 324 114.364466
828 280 324 70.710678
829 287 324 114.364466
830 161 325 159.784312
831 173 325 159.784312
832 257 325 206.501157
833 274 325 114.364466
834 276 325 50.000000
835 291 325 114.364466
836 161 326 156.904908
837 274 326 114.364466
838 321 326 50.000000
839 161 327 156.904908
840 285 327 114.364466
841 332 327 50.000000
842 161 328 114.364466
843 262 328 114.364466
844 274 328 70.710678
845 161 329 114.364466
846 285 329 70.710678
847 290 329 114.364466
848 166 330 159.784312
849 226 330 159.784312
850 262 330 206.501157
851 279 330 114.364466
852 281 330 50.000000
853 166 331 156.904908
854 279 331 114.364466
855 326 331 50.000000
856 166 332 156.904908
857 289 332 114.364466
858 336 332 50.000000
859 166 333 114.364466
860 267 333 114.364466
861 279 333 70.710678
862 166 334 114.364466
863 289 334 70.710678
864 173 335 159.784312
865 267 335 206.501157
866 284 335 114.364466
867 286 335 50.000000
868 173 336 156.904908
869 291 336 114.364466
870 339 336 50.000000
871 173 337 114.364466
872 272 337 114.364466
873 284 337 70.710678
874 173 338 114.364466
875 291 338 70.710678
876 226 339 156.904908
877 226 340 114.364466
878 185 341 159.784312
879 186 341 159.784312
880 292 341 50.000000
881 309 341 114.364466
882 322 341 206.501157
883 186 342 156.904908
884 186 343 114.364466
885 182 344 159.784312
886 194 344 159.784312
887 294 344 114.364466
888 295 344 50.000000
889 314 344 114.364466
890 327 344 206.501157
891 182 345 159.784312
892 296 345 50.000000
893 304 345 114.364466
894 317 345 206.501157
895 182 346 156.904908
896 294 346 114.364466
897 342 346 50.000000
898 182 347 114.364466
899 294 347 70.710678
900 182 348 114.364466
901 304 348 70.710678
902 312 348 114.364466
903 185 349 159.784312
904 200 349 159.784312
905 298 349 114.364466
906 300 349 50.000000
907 319 349 114.364466
908 332 349 206.501157
909 185 350 156.904908
910 298 350 114.364466
911 346 350 50.000000
912 185 351 156.904908
913 309 351 114.364466
914 356 351 50.000000
915 185 352 114.364466
916 298 352 70.710678
917 185 353 114.364466
918 309 353 70.710678
919 317 353 114.364466
920 194 354 159.784312
921 206 354 159.784312
922 303 354 114.364466
923 305 354 50.000000
924 324 354 114.364466
925 336 354 206.501157
926 194 355 156.904908
927 303 355 114.364466
928 350 355 50.000000
929 194 356 156.904908
930 314 356 114.364466
931 361 356 50.000000
932 194 357 114.364466
933 293 357 114.364466
934 303 357 70.710678
935 194 358 114.364466
936 314 358 70.710678
937 322 358 114.364466
938 200 359 159.784312
939 211 359 159.784312
940 293 359 206.501157
941 308 359 114.364466
942 310 359 50.000000
943 329 359 114.364466
944 339 359 206.501157
945 200 360 156.904908
946 308 360 114.364466
947 355 360 50.000000
948 200 361 156.904908
949 319 361 114.364466
950 366 361 50.000000
951 200 362 114.364466
952 297 362 114.364466
953 308 362 70.710678
954 200 363 114.364466
955 319 363 70.710678
956 327 363 114.364466
957 206 364 159.784312
958 216 364 159.784312
959 297 364 206.501157
960 313 364 114.364466
961 315 364 50.000000
962 334 364 114.364466
963 206 365 156.904908
964 313 365 114.364466
965 360 365 50.000000
966 206 366 156.904908
967 324 366 114.364466
968 371 366 50.000000
969 206 367 114.364466
970 301 367 114.364466
971 313 367 70.710678
972 206 368 114.364466
973 324 368 70.710678
974 332 368 114.364466
975 211 369 159.784312
976 221 369 159.784312
977 301 369 206.501157
978 318 369 114.364466
979 320 369 50.000000
980 338 369 114.364466
981 211 370 156.904908
982 318 370 114.364466
983 365 370 50.000000
984 211 371 156.904908
985 329 371 114.364466
986 376 371 50.000000
987 211 372 114.364466
988 306 372 114.364466
989 318 372 70.710678
990 211 373 114.364466
991 329 373 70.710678
992 336 373 114.364466
993 216 374 159.784312
994 227 374 159.784312
995 306 374 206.501157
996 323 374 114.364466
997 325 374 50.000000
998 340 374 114.364466
999 216 375 156.904908
1000 323 375 114.364466
1001 370 375 50.000000
1002 216 376 156.904908
1003 334 376 114.364466
1004 381 376 50.000000
1005 216 377 114.364466
1006 311 377 114.364466
1007 323 377 70.710678
1008 216 378 114.364466
1009 334 378 70.710678
1010 339 378 114.364466
1011 221 379 159.784312
1012 235 379 159.784312
1013 311 379 206.501157
1014 328 379 114.364466
1015 330 379 50.000000
1016 221 380 156.904908
1017 328 380 114.364466
1018 375 380 50.000000
1019 221 381 156.904908
1020 338 381 114.364466
1021 385 381 50.000000
1022 221 382 114.364466
1023 316 382 114.364466
1024 328 382 70.710678
1025 221 383 114.364466
1026 338 383 70.710678
1027 227 384 159.784312
1028 316 384 206.501157
1029 333 384 114.364466
1030 335 384 50.000000
1031 227 385 156.904908
1032 340 385 114.364466
1033 388 385 50.000000
1034 227 386 114.364466
1035 321 386 114.364466
1036 333 386 70.710678
1037 227 387 114.364466
1038 340 387 70.710678
1039 235 388 156.904908
1040 235 389 114.364466
1041 246 390 159.784312
1042 247 390 159.784312
1043 341 390 50.000000
1044 358 390 114.364466
1045 371 390 206.501157
1046 247 391 156.904908
1047 247 392 114.364466
1048 243 393 159.784312
1049 251 393 159.784312
1050 343 393 114.364466
1051 344 393 50.000000
1052 363 393 114.364466
1053 376 393 206.501157
1054 243 394 159.784312
1055 345 394 50.000000
1056 353 394 114.364466
1057 366 394 206.501157
1058 243 395 156.904908
1059 343 395 114.364466
1060 391 395 50.000000
1061 243 396 114.364466
1062 343 396 70.710678
1063 243 397 114.364466
1064 353 397 70.710678
1065 361 397 114.364466
1066 246 398 159.784312
1067 256 398 159.784312
1068 347 398 114.364466
1069 349 398 50.000000
1070 368 398 114.364466
1071 381 398 206.501157
1072 246 399 156.904908
1073 347 399 114.364466
1074 395 399 50.000000
1075 246 400 156.904908
1076 358 400 114.364466
1077 405 400 50.000000
1078 246 401 114.364466
1079 347 401 70.710678
1080 246 402 114.364466
1081 358 402 70.710678
1082 366 402 114.364466
1083 251 403 159.784312
1084 261 403 159.784312
1085 352 403 114.364466
1086 354 403 50.000000
1087 373 403 114.364466
1088 385 403 206.501157
1089 251 404 156.904908
1090 352 404 114.364466
1091 399 404 50.000000
1092 251 405 156.904908
1093 363 405 114.364466
1094 410 405 50.000000
1095 251 406 114.364466
1096 342 406 114.364466
1097 352 406 70.710678
1098 251 407 114.364466
1099 363 407 70.710678
1100 371 407 114.364466
1101 256 408 159.784312
1102 266 408 159.784312
1103 342 408 206.501157
1104 357 408 114.364466
1105 359 408 50.000000
1106 378 408 114.364466
1107 388 408 206.501157
1108 256 409 156.904908
1109 357 409 114.364466
1110 404 409 50.000000
1111 256 410 156.904908
1112 368 410 114.364466
1113 415 410 50.000000
1114 256 411 114.364466
1115 346 411 114.364466
1116 357 411 70.710678
1117 256 412 114.364466
1118 368 412 70.710678
1119 376 412 114.364466
1120 261 413 159.784312
1121 271 413 159.784312
1122 346 413 206.501157
1123 362 413 114.364466
1124 364 413 50.000000
1125 383 413 114.364466
1126 261 414 156.904908
1127 362 414 114.364466
1128 409 414 50.000000
1129 261 415 156.904908
1130 373 415 114.364466
1131 420 415 50.000000
1132 261 416 114.364466
1133 350 416 114.364466
1134 362 416 70.710678
1135 261 417 114.364466
1136 373 417 70.710678
1137 381 417 114.364466
1138 266 418 159.784312
1139 276 418 159.784312
1140 350 418 206.501157
1141 367 418 114.364466
1142 369 418 50.000000
1143 387 418 114.364466
1144 266 419 156.904908
1145 367 419 114.364466
1146 414 419 50.000000
1147 266 420 156.904908
1148 378 420 114.364466
1149 425 420 50.000000
1150 266 421 114.364466
1151 355 421 114.364466
1152 367 421 70.710678
1153 266 422 114.364466
1154 378 422 70.710678
1155 385 422 114.364466
1156 271 423 159.784312
1157 281 423 159.784312
1158 355 423 206.501157
1159 372 423 114.364466
1160 374 423 50.000000
1161 389 423 114.364466
1162 271 424 156.904908
1163 372 424 114.364466
1164 419 424 50.000000
1165 271 425 156.904908
1166 383 425 114.364466
1167 430 425 50.000000
1168 271 426 114.364466
1169 360 426 114.364466
1170 372 426 70.710678
1171 271 427 114.364466
1172 383 427 70.710678
1173 388 427 114.364466
1174 276 428 159.784312
1175 286 428 159.784312
1176 360 428 206.501157
1177 377 428 114.364466
1178 379 428 50.000000
1179 276 429 156.904908
1180 377 429 114.364466
1181 424 429 50.000000
1182 276 430 156.904908
1183 387 430 114.364466
1184 434 430 50.000000
1185 276 431 114.364466
1186 365 431 114.364466
1187 377 431 70.710678
1188 276 432 114.364466
1189 387 432 70.710678
1190 281 433 159.784312
1191 365 433 206.501157
1192 382 433 114.364466
1193 384 433 50.000000
1194 281 434 156.904908
1195 389 434 114.364466
1196 437 434 50.000000
1197 281 435 114.364466
1198 370 435 114.364466
1199 382 435 70.710678
1200 281 436 114.364466
1201 389 436 70.710678
1202 286 437 156.904908
1203 286 438 114.364466
1204 295 439 159.784312
1205 296 439 159.784312
1206 390 439 50.000000
1207 407 439 114.364466
1208 420 439 206.501157
1209 296 440 156.904908
1210 296 441 114.364466
1211 292 442 159.784312
1212 300 442 159.784312
1213 392 442 114.364466
1214 393 442 50.000000
1215 412 442 114.364466
1216 425 442 206.501157
1217 292 443 159.784312
1218 394 443 50.000000
1219 402 443 114.364466
1220 415 443 206.501157
1221 292 444 156.904908
1222 392 444 114.364466
1223 440 444 50.000000
1224 292 445 114.364466
1225 392 445 70.710678
1226 292 446 114.364466
1227 402 446 70.710678
1228 410 446 114.364466
1229 295 447 159.784312
1230 305 447 159.784312
1231 396 447 114.364466
1232 398 447 50.000000
1233 417 447 114.364466
1234 430 447 206.501157
1235 295 448 156.904908
1236 396 448 114.364466
1237 444 448 50.000000
1238 295 449 156.904908
1239 407 449 114.364466
1240 454 449 50.000000
1241 295 450 114.364466
1242 396 450 70.710678
1243 295 451 114.364466
1244 407 451 70.710678
1245 415 451 114.364466
1246 300 452 159.784312
1247 310 452 159.784312
1248 401 452 114.364466
1249 403 452 50.000000
1250 422 452 114.364466
1251 434 452 206.501157
1252 300 453 156.904908
1253 401 453 114.364466
1254 448 453 50.000000
1255 300 454 156.904908
1256 412 454 114.364466
1257 459 454 50.000000
1258 300 455 114.364466
1259 391 455 114.364466
1260 401 455 70.710678
1261 300 456 114.364466
1262 412 456 70.710678
1263 420 456 114.364466
1264 305 457 159.784312
1265 315 457 159.784312
1266 391 457 206.501157
1267 406 457 114.364466
1268 408 457 50.000000
1269 427 457 114.364466
1270 437 457 206.501157
1271 305 458 156.904908
1272 406 458 114.364466
1273 453 458 50.000000
1274 305 459 156.904908
1275 417 459 114.364466
1276 464 459 50.000000
1277 305 460 114.364466
1278 395 460 114.364466
1279 406 460 70.710678
1280 305 461 114.364466
1281 417 461 70.710678
1282 425 461 114.364466
1283 310 462 159.784312
1284 320 462 159.784312
1285 395 462 206.501157
1286 411 462 114.364466
1287 413 462 50.000000
1288 432 462 114.364466
1289 310 463 156.904908
1290 411 463 114.364466
1291 458 463 50.000000
1292 310 464 156.904908
1293 422 464 114.364466
1294 469 464 50.000000
1295 310 465 114.364466
1296 399 465 114.364466
1297 411 465 70.710678
1298 310 466 114.364466
1299 422 466 70.710678
1300 430 466 114.364466
1301 315 467 159.784312
1302 325 467 159.784312
1303 399 467 206.501157
1304 416 467 114.364466
1305 418 467 50.000000
1306 436 467 114.364466
1307 315 468 156.904908
1308 416 468 114.364466
1309 463 468 50.000000
1310 315 469 156.904908
1311 427 469 114.364466
1312 474 469 50.000000
1313 315 470 114.364466
1314 404 470 114.364466
1315 416 470 70.710678
1316 315 471 114.364466
1317 427 471 70.710678
1318 434 471 114.364466
1319 320 472 159.784312
1320 330 472 159.784312
1321 404 472 206.501157
1322 421 472 114.364466
1323 423 472 50.000000
1324 438 472 114.364466
1325 320 473 156.904908
1326 421 473 114.364466
1327 468 473 50.000000
1328 320 474 156.904908
1329 432 474 114.364466
1330 479 474 50.000000
1331 320 475 114.364466
1332 409 475 114.364466
1333 421 475 70.710678
1334 320 476 114.364466
1335 432 476 70.710678
1336 437 476 114.364466
1337 325 477 159.784312
1338 335 477 159.784312
1339 409 477 206.501157
1340 426 477 114.364466
1341 428 477 50.000000
1342 325 478 156.904908
1343 426 478 114.364466
1344 473 478 50.000000
1345 325 479 156.904908
1346 436 479 114.364466
1347 483 479 50.000000
1348 325 480 114.364466
1349 414 480 114.364466
1350 426 480 70.710678
1351 325 481 114.364466
1352 436 481 70.710678
1353 330 482 159.784312
1354 414 482 206.501157
1355 431 482 114.364466
1356 433 482 50.000000
1357 330 483 156.904908
1358 438 483 114.364466
1359 486 483 50.000000
1360 330 484 114.364466
1361 419 484 114.364466
1362 431 484 70.710678
1363 330 485 114.364466
1364 438 485 70.710678
1365 335 486 156.904908
1366 335 487 114.364466
1367 345 488 156.904908
1368 345 489 114.364466
1369 341 490 156.904908
1370 441 490 114.364466
1371 488 490 50.000000
1372 341 491 114.364466
1373 441 491 70.710678
1374 341 492 114.364466
1375 451 492 70.710678
1376 459 492 114.364466
1377 344 493 156.904908
1378 445 493 114.364466
1379 490 493 50.000000
1380 344 494 156.904908
1381 456 494 114.364466
1382 498 494 50.000000
1383 344 495 114.364466
1384 445 495 70.710678
1385 344 496 114.364466
1386 456 496 70.710678
1387 464 496 114.364466
1388 349 497 156.904908
1389 450 497 114.364466
1390 493 497 50.000000
1391 349 498 156.904908
1392 461 498 114.364466
1393 502 498 50.000000
1394 349 499 114.364466
1395 440 499 114.364466
1396 450 499 70.710678
1397 349 500 114.364466
1398 461 500 70.710678
1399 469 500 114.364466
1400 354 501 156.904908
1401 455 501 114.364466
1402 497 501 50.000000
1403 354 502 156.904908
1404 466 502 114.364466
1405 506 502 50.000000
1406 354 503 114.364466
1407 444 503 114.364466
1408 455 503 70.710678
1409 354 504 114.364466
1410 466 504 70.710678
1411 474 504 114.364466
1412 359 505 156.904908
1413 460 505 114.364466
1414 501 505 50.000000
1415 359 506 156.904908
1416 471 506 114.364466
1417 510 506 50.000000
1418 359 507 114.364466
1419 448 507 114.364466
1420 460 507 70.710678
1421 359 508 114.364466
1422 471 508 70.710678
1423 479 508 114.364466
1424 364 509 156.904908
1425 465 509 114.364466
1426 505 509 50.000000
1427 364 510 156.904908
1428 476 510 114.364466
1429 514 510 50.000000
1430 364 511 114.364466
1431 453 511 114.364466
1432 465 511 70.710678
1433 364 512 114.364466
1434 476 512 70.710678
1435 483 512 114.364466
1436 369 513 156.904908
1437 470 513 114.364466
1438 509 513 50.000000
1439 369 514 156.904908
1440 481 514 114.364466
1441 518 514 50.000000
1442 369 515 114.364466
1443 458 515 114.364466
1444 470 515 70.710678
1445 369 516 114.364466
1446 481 516 70.710678
1447 486 516 114.364466
1448 374 517 156.904908
1449 475 517 114.364466
1450 513 517 50.000000
1451 374 518 156.904908
1452 485 518 114.364466
1453 521 518 50.000000
1454 374 519 114.364466
1455 463 519 114.364466
1456 475 519 70.710678
1457 374 520 114.364466
1458 485 520 70.710678
1459 379 521 156.904908
1460 487 521 114.364466
1461 524 521 50.000000
1462 379 522 114.364466
1463 468 522 114.364466
1464 480 522 70.710678
1465 379 523 114.364466
1466 487 523 70.710678
1467 384 524 156.904908
