1 7 34 72 156 211 266 408 457 
1 7 32 75 123 116 271 427 457 
1 2 11 27 60 206 261 310 359 408 457 
1 2 14 70 123 116 271 427 457 
1 4 53 107 226 339 378 408 457 
1 5 37 132 240 200 359 408 457 
1 2 11 103 156 310 359 408 457 
1 2 11 100 138 194 357 408 457 
1 2 14 72 65 111 266 408 457 
1 8 22 46 88 81 249 303 357 408 457 
1 2 10 26 161 315 457 
1 2 9 25 58 105 49 99 266 315 457 
1 5 37 132 239 216 378 408 457 
1 2 9 25 58 105 145 200 359 408 457 
1 2 10 114 166 334 378 408 457 
1 2 10 111 161 315 457 
1 8 23 56 50 100 256 408 457 
1 7 34 116 285 329 359 408 457 
1 4 49 99 266 315 457 
1 2 14 70 121 130 289 334 378 408 457 
1 3 65 111 266 315 457 
1 5 37 132 239 231 266 315 457 
1 8 23 56 50 100 138 194 357 408 457 
1 2 14 72 65 111 161 315 457 
1 5 37 131 233 165 200 359 408 457 
1 2 9 26 59 106 261 310 359 408 457 
1 2 9 27 154 211 266 408 457 
1 3 65 111 161 216 271 427 457 
1 2 11 27 151 315 457 
1 2 15 55 96 81 249 303 357 408 457 
1 6 18 82 149 206 261 310 359 408 457 
1 2 14 72 156 211 266 315 457 
1 2 9 30 68 116 271 427 457 
1 7 34 120 151 305 457 
1 8 23 92 101 107 226 339 359 408 457 
1 2 9 26 161 216 271 427 457 
1 2 9 30 68 116 166 334 378 408 457 
1 2 13 42 86 184 249 303 357 408 457 
1 5 37 132 239 216 271 427 457 
1 6 18 83 191 209 266 315 457 
1 3 65 111 161 315 457 
1 2 9 25 61 171 226 339 378 408 457 
1 2 9 27 60 90 261 310 359 408 457 
1 4 51 61 171 226 339 378 408 457 
1 8 23 56 50 100 138 308 359 408 457 
1 3 65 211 359 408 457 
1 2 11 101 107 226 339 359 408 457 
1 2 10 26 59 106 156 211 266 315 457 
1 2 9 25 58 107 226 339 378 408 457 
1 2 9 27 154 211 266 315 457 
1 3 10 99 256 305 457 
1 7 34 120 151 206 261 310 359 408 457 
1 5 37 132 240 220 256 305 457 
1 2 9 25 64 100 256 408 457 
1 4 11 27 60 206 261 310 359 408 457 
1 7 32 75 123 231 266 408 457 
1 2 9 25 62 143 193 293 357 408 457 
1 6 18 82 199 205 92 101 107 226 339 359 408 457 
1 7 34 72 156 211 266 315 457 
1 5 37 131 233 234 138 305 457 
1 2 10 26 165 200 359 408 457 
1 2 11 27 60 90 145 200 256 408 457 
1 8 23 90 145 200 256 305 457 
1 2 9 25 58 105 49 200 359 408 457 
1 2 13 45 86 184 249 303 357 408 457 
1 3 10 26 151 305 457 
1 8 23 56 50 100 256 305 457 
1 2 10 26 161 216 271 427 457 
1 5 37 131 233 145 200 256 408 457 
1 2 10 26 59 206 261 310 359 408 457 
1 2 11 99 266 315 457 
1 6 17 42 86 184 249 303 357 408 457 
1 8 22 47 97 194 357 408 457 
1 2 9 30 68 116 285 315 457 
1 7 34 106 156 211 266 315 457 
1 6 18 83 190 194 357 408 457 
1 2 11 100 138 305 457 
1 2 12 77 181 238 271 427 457 
1 7 32 75 123 116 285 315 457 
1 8 23 56 50 200 359 408 457 
1 2 9 27 60 206 261 310 359 408 457 
1 8 23 91 254 305 457 
1 6 18 83 190 197 256 305 457 
1 6 18 83 146 303 357 408 457 
1 2 10 26 165 200 256 305 457 
1 3 65 225 261 310 359 408 457 
1 5 37 77 181 238 271 427 457 
1 2 10 115 145 200 256 305 457 
1 2 9 26 165 200 256 305 457 
1 2 9 25 64 100 138 194 357 408 457 
1 2 15 56 146 303 357 408 457 
1 7 34 72 65 111 161 329 359 408 457 
1 8 22 47 138 194 357 408 457 
1 2 14 72 65 211 266 408 457 
1 2 9 25 58 105 49 99 256 305 457 
1 2 10 115 145 200 359 408 457 
1 2 9 25 62 143 193 293 359 408 457 
1 3 10 26 161 315 457 
1 7 32 75 161 315 457 
1 2 15 55 96 143 193 293 359 408 457 
1 2 10 26 59 106 261 310 359 408 457 
1 7 32 75 175 194 357 408 457 
1 5 37 131 233 234 118 113 108 193 293 357 408 457 
1 7 34 118 146 303 357 408 457 
1 6 18 83 191 211 359 408 457 
1 2 9 25 58 108 193 293 357 408 457 
1 7 32 73 124 172 226 339 359 408 457 
1 5 37 131 233 145 200 359 408 457 
1 4 50 100 138 305 457 
1 8 23 91 254 308 359 408 457 
1 2 9 25 58 109 161 329 359 408 457 
1 2 10 26 59 106 156 310 359 408 457 
1 2 15 55 96 143 193 293 357 408 457 
1 6 18 83 191 139 216 271 427 457 
1 6 18 82 199 156 211 359 408 457 
1 4 50 100 256 305 457 
1 2 9 25 60 206 261 310 359 408 457 
1 4 11 27 138 305 457 
1 2 9 26 59 206 261 310 359 408 457 
1 3 10 26 151 315 457 
1 2 14 72 65 211 266 315 457 
1 2 9 25 58 110 138 308 359 408 457 
1 3 10 111 266 315 457 
1 6 18 83 191 139 216 378 408 457 
1 2 10 111 161 216 271 427 457 
1 3 10 26 161 216 271 427 457 
1 6 18 82 199 154 211 266 315 457 
1 8 23 92 101 107 226 339 378 408 457 
1 4 11 103 156 211 266 315 457 
1 8 23 56 145 200 256 305 457 
1 2 14 70 121 171 226 339 378 408 457 
1 2 9 25 58 105 49 200 256 408 457 
1 7 34 106 275 305 457 
1 7 34 72 65 111 266 408 457 
1 8 23 56 50 100 138 305 457 
1 3 10 26 59 206 261 310 359 408 457 
1 2 9 26 161 329 359 408 457 
1 4 50 200 256 305 457 
1 7 34 106 261 310 359 408 457 
1 7 32 73 127 238 271 427 457 
1 5 37 132 166 334 378 408 457 
1 8 23 56 145 310 359 408 457 
1 8 23 56 149 209 266 315 457 
1 5 37 132 240 200 256 305 457 
1 3 69 110 138 305 457 
1 4 11 99 266 408 457 
1 2 15 56 50 100 138 194 357 408 457 
1 5 37 131 233 165 200 256 408 457 
1 7 32 75 123 116 285 329 359 408 457 
1 2 15 56 145 200 359 408 457 
1 3 10 113 108 193 293 357 408 457 
1 3 69 108 193 293 359 408 457 
1 5 36 77 181 238 285 315 457 
1 5 37 131 151 315 457 
1 8 22 47 138 305 457 
1 3 49 200 256 305 457 
1 7 32 73 127 238 285 329 359 408 457 
1 2 9 25 58 105 49 211 359 408 457 
1 8 23 56 50 100 259 310 359 408 457 
1 5 37 132 239 231 266 408 457 
1 2 15 56 50 100 256 408 457 
1 2 9 26 161 315 457 
1 2 14 72 166 334 378 408 457 
1 2 9 26 59 106 156 211 359 408 457 
1 7 32 75 177 211 266 315 457 
1 2 9 25 58 105 145 200 256 305 457 
1 2 9 26 161 216 378 408 457 
1 2 9 25 64 100 256 305 457 
1 2 9 27 138 194 357 408 457 
1 2 9 30 65 111 161 315 457 
1 6 18 81 249 303 357 408 457 
1 6 18 83 190 197 256 408 457 
1 2 14 70 121 171 226 339 359 408 457 
1 8 23 91 146 303 357 408 457 
1 2 9 25 63 111 161 216 378 408 457 
1 6 17 42 135 188 254 308 359 408 457 
1 2 11 27 138 305 457 
1 2 13 42 135 188 254 305 457 
1 3 10 26 59 106 156 211 359 408 457 
1 2 14 72 156 211 266 408 457 
1 2 9 25 58 110 138 194 357 408 457 
1 3 65 211 266 315 457 
1 3 68 116 166 334 378 408 457 
1 8 23 92 166 334 378 408 457 
1 7 34 116 271 427 457 
1 3 68 116 285 315 457 
1 4 11 99 151 206 261 310 359 408 457 
1 2 9 27 138 305 457 
1 3 10 26 59 220 256 305 457 
1 6 18 82 151 305 457 
1 4 53 106 271 427 457 
1 4 49 211 266 408 457 
1 7 32 75 123 116 166 334 378 408 457 
1 3 68 116 285 329 359 408 457 
1 6 18 82 199 156 211 266 315 457 
1 4 50 100 138 308 359 408 457 
1 2 12 77 125 242 289 334 378 408 457 
1 3 10 99 151 206 261 310 359 408 457 
1 2 15 56 50 100 256 305 457 
1 2 9 25 64 104 146 303 357 408 457 
1 2 9 25 63 114 166 334 378 408 457 
1 6 18 82 199 205 92 166 334 378 408 457 
1 2 11 103 159 216 271 427 457 
1 2 11 27 154 211 359 408 457 
1 3 10 115 160 194 357 408 457 
1 4 11 101 107 226 339 359 408 457 
1 8 23 56 145 200 256 408 457 
1 4 50 200 256 408 457 
1 8 22 47 97 91 146 303 357 408 457 
1 2 10 26 151 206 261 310 359 408 457 
1 2 15 56 149 209 266 315 457 
1 4 51 130 289 334 378 408 457 
1 8 23 94 154 211 266 315 457 
1 2 10 113 108 193 293 357 408 457 
1 3 49 99 151 206 261 310 359 408 457 
1 6 18 82 199 156 310 359 408 457 
1 4 50 200 359 408 457 
1 2 9 25 63 111 161 315 457 
1 2 14 70 123 116 166 334 378 408 457 
1 3 10 26 165 200 256 305 457 
1 2 9 25 58 109 161 216 271 427 457 
1 2 9 26 151 206 261 310 359 408 457 
1 2 9 27 138 308 359 408 457 
1 8 22 47 97 197 256 408 457 
1 4 11 100 138 305 457 
1 8 23 56 50 200 256 305 457 
1 5 36 77 125 242 289 334 378 408 457 
1 7 34 72 65 111 280 310 359 408 457 
1 2 9 25 58 110 138 305 457 
1 4 11 103 159 216 378 408 457 
1 2 15 56 145 200 256 408 457 
1 2 14 72 65 111 266 315 457 
1 8 22 46 87 137 193 293 357 408 457 
1 2 9 25 60 194 357 408 457 
1 5 37 131 233 234 118 146 303 357 408 457 
1 5 37 131 233 234 118 113 108 193 293 359 408 457 
1 2 10 26 59 106 156 211 359 408 457 
1 5 37 131 233 234 160 194 357 408 457 
1 2 9 25 58 90 145 200 256 305 457 
1 4 54 91 254 308 359 408 457 
1 2 9 25 58 106 156 211 266 315 457 
1 2 9 25 58 105 160 194 357 408 457 
1 2 14 72 170 220 256 305 457 
1 2 9 25 59 106 156 211 266 315 457 
1 4 53 107 226 339 359 408 457 
1 5 36 77 181 238 285 329 359 408 457 
1 7 34 116 166 334 378 408 457 
1 4 49 211 266 315 457 
1 2 9 25 58 109 161 216 378 408 457 
1 2 9 25 59 106 261 310 359 408 457 
1 7 32 75 123 216 378 408 457 
1 4 49 99 151 206 261 310 359 408 457 
1 3 69 110 138 308 359 408 457 
1 2 15 56 145 200 256 305 457 
1 2 14 72 65 211 359 408 457 
1 7 34 72 65 111 161 216 378 408 457 
1 2 9 25 58 108 193 293 359 408 457 
1 2 14 72 156 310 359 408 457 
1 6 17 42 135 188 254 305 457 
1 8 22 47 138 308 359 408 457 
1 2 9 25 58 105 145 310 359 408 457 
1 6 18 82 199 205 161 216 378 408 457 
1 3 10 111 161 315 457 
1 2 9 27 154 211 359 408 457 
1 8 23 56 146 303 357 408 457 
1 3 67 81 249 303 357 408 457 
1 3 49 99 256 305 457 
1 2 11 27 60 90 145 200 256 305 457 
1 2 9 25 59 216 271 427 457 
1 2 9 25 58 105 49 200 256 305 457 
1 2 14 70 123 116 285 315 457 
1 2 15 56 50 200 359 408 457 
1 2 15 56 145 310 359 408 457 
1 2 9 25 58 105 49 211 266 315 457 
1 2 11 103 156 211 266 408 457 
1 2 11 103 156 211 266 315 457 
1 7 32 75 123 216 271 427 457 
1 3 49 200 256 408 457 
1 5 37 132 240 175 194 357 408 457 
1 7 34 72 156 310 359 408 457 
1 2 11 104 146 303 357 408 457 
1 7 34 72 65 111 161 216 271 427 457 
1 5 37 131 151 305 457 
1 7 32 75 177 225 261 310 359 408 457 
1 7 34 72 170 220 256 408 457 
1 2 9 25 58 105 159 216 378 408 457 
1 3 10 115 145 200 256 305 457 
1 4 11 104 146 303 357 408 457 
1 4 11 27 60 90 145 200 256 305 457 
1 5 37 131 233 165 200 256 305 457 
1 5 37 131 170 220 256 408 457 
1 8 22 47 97 91 254 308 359 408 457 
1 3 65 111 161 329 359 408 457 
1 4 53 109 161 216 378 408 457 
1 6 18 82 199 154 211 359 408 457 
1 6 18 83 191 211 266 408 457 
1 7 34 72 65 211 359 408 457 
1 4 11 103 159 216 271 427 457 
1 7 34 118 113 108 193 293 357 408 457 
1 3 10 114 166 334 378 408 457 
1 5 37 131 170 220 256 305 457 
1 8 22 47 139 216 378 408 457 
1 2 9 25 58 105 145 200 256 408 457 
1 2 9 27 60 90 145 200 256 305 457 
1 7 34 72 65 111 161 315 457 
1 2 10 111 266 315 457 
1 3 10 26 59 106 156 310 359 408 457 
1 6 18 82 149 209 266 408 457 
1 5 37 131 170 206 261 310 359 408 457 
1 2 10 99 256 408 457 
1 7 32 75 161 216 271 427 457 
1 3 10 99 256 408 457 
1 4 53 109 161 329 359 408 457 
1 3 10 26 151 206 261 310 359 408 457 
1 2 9 25 61 171 226 339 359 408 457 
1 3 10 113 108 193 293 359 408 457 
1 2 11 103 159 216 378 408 457 
1 2 9 31 54 91 254 305 457 
1 7 32 75 177 211 359 408 457 
1 8 22 46 87 137 244 310 359 408 457 
1 2 11 27 154 211 266 408 457 
1 8 23 94 151 206 261 310 359 408 457 
1 2 9 25 60 90 261 310 359 408 457 
1 4 53 109 161 216 271 427 457 
1 2 9 25 58 105 156 211 266 315 457 
1 2 10 113 108 193 293 359 408 457 
1 6 18 82 199 156 211 266 408 457 
1 2 15 55 97 91 146 303 357 408 457 
1 2 14 72 156 211 359 408 457 
1 7 32 73 124 172 226 339 378 408 457 
1 8 23 56 50 200 256 408 457 
1 8 22 47 139 216 271 427 457 
1 4 11 27 154 211 266 315 457 
1 2 11 103 156 211 359 408 457 
1 2 9 25 58 107 226 339 359 408 457 
1 7 34 72 170 220 256 305 457 
1 7 34 72 65 111 266 315 457 
1 5 37 131 233 234 138 194 357 408 457 
1 7 32 75 123 231 266 315 457 
1 8 22 47 97 197 256 305 457 
1 4 11 27 60 90 261 310 359 408 457 
1 6 18 82 151 206 261 310 359 408 457 
1 2 11 101 107 226 339 378 408 457 
1 8 23 56 145 200 359 408 457 
1 3 69 110 138 194 357 408 457 
1 4 11 27 151 206 261 310 359 408 457 
1 7 32 73 127 238 285 315 457 
1 6 18 82 199 205 161 329 359 408 457 
1 8 23 56 149 206 261 310 359 408 457 
1 4 54 91 146 303 357 408 457 
1 4 50 100 138 194 357 408 457 
1 8 22 47 141 200 256 408 457 
1 2 15 55 97 91 254 305 457 
1 2 9 25 58 105 49 99 151 206 261 310 359 408 457 
1 2 9 25 60 90 145 200 256 305 457 
1 2 9 27 60 90 145 310 359 408 457 
1 6 18 82 199 205 161 315 457 
1 3 10 111 266 408 457 
1 8 22 47 141 200 256 305 457 
1 2 11 27 60 90 145 200 359 408 457 
1 5 37 131 151 206 261 310 359 408 457 
1 7 34 72 65 211 266 315 457 
1 6 18 82 199 205 92 101 107 226 339 378 408 457 
1 2 9 25 63 111 266 315 457 
1 2 11 27 60 90 261 310 359 408 457 
1 2 9 25 64 100 138 305 457 
1 3 10 26 59 106 156 211 266 408 457 
1 7 34 116 285 315 457 
1 7 34 72 166 334 378 408 457 
1 2 9 26 59 106 156 211 266 315 457 
1 2 11 99 151 206 261 310 359 408 457 
1 2 9 26 59 106 156 310 359 408 457 
1 2 15 56 50 100 138 305 457 
1 8 23 94 154 211 266 408 457 
1 5 37 131 233 234 138 308 359 408 457 
1 7 34 72 65 211 266 408 457 
1 2 11 27 60 90 145 310 359 408 457 
1 5 37 77 125 242 289 334 378 408 457 
1 8 22 47 97 91 254 305 457 
1 7 32 73 124 172 290 329 359 408 457 
1 7 32 75 177 211 266 408 457 
1 4 50 203 261 310 359 408 457 
1 7 34 120 165 200 256 408 457 
1 4 53 109 161 315 457 
1 2 10 115 145 310 359 408 457 
1 3 49 200 359 408 457 
1 3 65 211 266 408 457 
1 2 11 27 151 206 261 310 359 408 457 
1 7 32 75 161 216 378 408 457 
1 2 9 25 58 105 156 211 266 408 457 
1 7 32 75 161 329 359 408 457 
1 6 18 42 135 188 254 305 457 
1 2 12 76 125 242 289 334 378 408 457 
1 6 18 82 149 209 266 315 457 
1 2 10 26 59 106 156 211 266 408 457 
1 4 49 211 359 408 457 
1 2 11 99 266 408 457 
1 2 10 99 151 206 261 310 359 408 457 
1 3 69 108 193 293 357 408 457 
1 2 9 25 58 105 156 211 359 408 457 
1 5 37 130 289 334 378 408 457 
1 7 34 72 170 206 261 310 359 408 457 
1 2 10 99 256 305 457 
1 7 34 118 113 108 193 293 359 408 457 
1 2 9 31 54 91 146 303 357 408 457 
1 8 22 46 87 137 193 293 359 408 457 
1 6 18 82 199 205 159 216 378 408 457 
1 4 11 99 266 315 457 
1 2 9 27 60 90 145 200 359 408 457 
1 8 23 94 154 211 359 408 457 
1 3 10 26 59 106 156 211 266 315 457 
1 8 22 47 141 203 261 310 359 408 457 
1 2 9 31 50 100 138 305 457 
1 5 37 131 233 145 200 256 305 457 
1 7 34 72 156 211 359 408 457 
1 2 10 26 165 200 256 408 457 
1 6 18 83 191 211 266 315 457 
1 2 15 56 50 100 138 308 359 408 457 
1 8 22 46 88 188 254 308 359 408 457 
1 2 9 25 58 105 156 310 359 408 457 
1 2 10 115 145 200 256 408 457 
1 2 11 27 154 211 266 315 457 
1 7 34 120 165 200 359 408 457 
1 5 37 131 233 145 310 359 408 457 
1 6 18 82 199 205 161 216 271 427 457 
1 7 32 73 127 130 289 334 378 408 457 
1 2 9 27 151 206 261 310 359 408 457 
1 2 9 25 58 109 161 315 457 
1 3 68 116 271 427 457 
1 6 18 82 199 205 159 216 271 427 457 
1 3 10 26 59 106 261 310 359 408 457 
1 4 11 101 107 226 339 378 408 457 
1 2 9 25 58 105 49 211 266 408 457 
1 2 15 56 50 200 256 408 457 
1 8 22 46 87 137 244 308 359 408 457 
1 7 34 120 151 315 457 
1 8 22 47 141 200 359 408 457 
1 2 9 25 59 206 261 310 359 408 457 
1 8 23 94 151 315 457 
1 2 10 115 160 194 357 408 457 
1 5 37 132 239 231 280 310 359 408 457 
1 8 22 47 141 203 264 315 457 
1 4 54 91 254 305 457 
1 2 9 25 59 216 378 408 457 
1 8 22 46 88 188 254 305 457 
1 7 34 120 165 200 256 305 457 
1 5 37 132 240 200 256 408 457 
1 2 15 56 50 200 256 305 457 
1 6 18 83 190 197 259 310 359 408 457 
1 2 9 25 63 111 161 216 271 427 457 
1 5 36 77 181 238 271 427 457 
1 2 14 72 170 206 261 310 359 408 457 
1 2 9 25 58 105 159 216 271 427 457 
