1 0 0 0
2 50 0 0
3 150 50 0
4 150 -50 0
5 100 100 0
6 100 -100 0
7 100 50 0
8 100 -50 0
9 100 0 0
10 200 50 0
11 200 -50 0
12 150 100 0
13 150 -100 0
14 150 50 0
15 150 -50 0
16 100 -150 0
17 150 -200 0
18 200 -250 0
19 100 -200 0
20 100 -150 0
21 100 -200 0
22 150 -100 0
23 200 -100 0
24 150 -150 0
25 150 0 0
26 250 50 0
27 250 -50 0
28 200 100 0
29 200 -100 0
30 200 50 0
31 200 -50 0
32 150 100 0
33 150 150 0
34 200 100 0
35 100 150 0
36 150 200 0
37 200 250 0
38 100 200 0
39 100 150 0
40 100 200 0
41 150 -200 0
42 250 -250 0
43 150 -200 0
44 150 -200 0
45 200 -200 0
46 200 -150 0
47 250 -150 0
48 200 -200 0
49 300 0 0
50 300 -100 0
51 250 50 0
52 250 -150 0
53 250 0 0
54 250 -100 0
55 200 -100 0
56 250 -100 0
57 200 -150 0
58 200 0 0
59 300 50 0
60 300 -50 0
61 250 100 0
62 250 -100 0
63 250 50 0
64 250 -50 0
65 300 100 0
66 250 150 0
67 250 -50 0
68 250 100 0
69 250 0 0
70 200 100 0
71 200 150 0
72 250 100 0
73 200 150 0
74 200 200 0
75 250 150 0
76 200 200 0
77 250 250 0
78 150 200 0
79 150 150 0
80 150 200 0
81 350 -200 0
82 300 -150 0
83 300 -200 0
84 200 -200 0
85 200 -200 0
86 300 -250 0
87 250 -200 0
88 300 -200 0
89 200 -150 0
90 350 -50 0
91 350 -150 0
92 300 0 0
93 300 -200 0
94 300 -50 0
95 300 -150 0
96 250 -150 0
97 300 -150 0
98 250 -200 0
99 350 0 0
100 350 -100 0
101 300 50 0
102 300 -150 0
103 300 0 0
104 300 -100 0
105 250 0 0
106 350 50 0
107 300 100 0
108 300 -100 0
109 300 50 0
110 300 -50 0
111 350 100 0
112 300 150 0
113 300 -50 0
114 300 100 0
115 300 0 0
116 350 150 0
117 300 200 0
118 300 0 0
119 300 150 0
120 300 50 0
121 250 150 0
122 250 200 0
123 300 150 0
124 250 200 0
125 300 250 0
126 200 150 0
127 300 200 0
128 200 150 0
129 200 200 0
130 350 200 0
131 300 150 0
132 300 200 0
133 400 -200 0
134 350 -150 0
135 350 -200 0
136 250 -200 0
137 350 -250 0
138 400 -100 0
139 350 -50 0
140 250 -150 0
141 350 -100 0
142 350 -200 0
143 300 -200 0
144 250 -150 0
145 400 -50 0
146 400 -150 0
147 350 0 0
148 350 -200 0
149 350 -50 0
150 350 -150 0
151 400 0 0
152 350 50 0
153 350 -150 0
154 350 0 0
155 350 -100 0
156 400 50 0
157 350 100 0
158 350 -100 0
159 350 50 0
160 350 -50 0
161 400 100 0
162 350 150 0
163 350 -50 0
164 350 100 0
165 350 0 0
166 400 150 0
167 350 200 0
168 350 0 0
169 350 150 0
170 350 50 0
171 300 200 0
172 350 250 0
173 400 200 0
174 250 150 0
175 350 50 0
176 350 200 0
177 350 100 0
178 250 150 0
179 250 150 0
180 350 150 0
181 350 200 0
182 450 -200 0
183 400 -150 0
184 400 -200 0
185 450 -150 0
186 450 -250 0
187 400 -100 0
188 400 -150 0
189 300 -200 0
190 350 -150 0
191 350 -100 0
192 300 -200 0
193 400 -250 0
194 450 -100 0
195 400 -50 0
196 300 -150 0
197 400 -100 0
198 400 -200 0
199 300 -100 0
200 450 -50 0
201 400 0 0
202 400 -200 0
203 400 -50 0
204 400 -150 0
205 300 -50 0
206 450 0 0
207 400 50 0
208 400 -150 0
209 400 0 0
210 400 -100 0
211 450 50 0
212 400 100 0
213 400 -100 0
214 400 50 0
215 400 -50 0
216 450 100 0
217 400 150 0
218 400 -50 0
219 400 100 0
220 400 0 0
221 450 150 0
222 400 200 0
223 400 0 0
224 400 150 0
225 400 50 0
226 400 250 0
227 450 200 0
228 300 150 0
229 400 50 0
230 400 200 0
231 400 100 0
232 300 150 0
233 300 100 0
234 300 50 0
235 450 250 0
236 400 100 0
237 300 200 0
238 400 150 0
239 350 150 0
240 350 100 0
241 400 150 0
242 400 200 0
243 500 -200 0
244 450 -150 0
245 450 -200 0
246 500 -150 0
247 500 -250 0
248 450 -100 0
249 450 -150 0
250 350 -200 0
251 500 -100 0
252 450 -50 0
253 350 -150 0
254 450 -100 0
255 450 -200 0
256 500 -50 0
257 450 0 0
258 450 -200 0
259 450 -50 0
260 450 -150 0
261 500 0 0
262 450 50 0
263 450 -150 0
264 450 0 0
265 450 -100 0
266 500 50 0
267 450 100 0
268 450 -100 0
269 450 50 0
270 450 -50 0
271 500 100 0
272 450 150 0
273 450 -50 0
274 450 100 0
275 450 0 0
276 500 150 0
277 450 200 0
278 450 0 0
279 450 150 0
280 450 50 0
281 500 200 0
282 350 150 0
283 450 50 0
284 450 200 0
285 450 100 0
286 500 250 0
287 450 100 0
288 350 200 0
289 450 150 0
290 450 150 0
291 450 200 0
292 550 -200 0
293 500 -150 0
294 500 -200 0
295 550 -150 0
296 550 -250 0
297 500 -100 0
298 500 -150 0
299 400 -200 0
300 550 -100 0
301 500 -50 0
302 400 -150 0
303 500 -100 0
304 500 -200 0
305 550 -50 0
306 500 0 0
307 500 -200 0
308 500 -50 0
309 500 -150 0
310 550 0 0
311 500 50 0
312 500 -150 0
313 500 0 0
314 500 -100 0
315 550 50 0
316 500 100 0
317 500 -100 0
318 500 50 0
319 500 -50 0
320 550 100 0
321 500 150 0
322 500 -50 0
323 500 100 0
324 500 0 0
325 550 150 0
326 500 200 0
327 500 0 0
328 500 150 0
329 500 50 0
330 550 200 0
331 400 150 0
332 500 50 0
333 500 200 0
334 500 100 0
335 550 250 0
336 500 100 0
337 400 200 0
338 500 150 0
339 500 150 0
340 500 200 0
341 600 -200 0
342 550 -150 0
343 550 -200 0
344 600 -150 0
345 600 -250 0
346 550 -100 0
347 550 -150 0
348 450 -200 0
349 600 -100 0
350 550 -50 0
351 450 -150 0
352 550 -100 0
353 550 -200 0
354 600 -50 0
355 550 0 0
356 550 -200 0
357 550 -50 0
358 550 -150 0
359 600 0 0
360 550 50 0
361 550 -150 0
362 550 0 0
363 550 -100 0
364 600 50 0
365 550 100 0
366 550 -100 0
367 550 50 0
368 550 -50 0
369 600 100 0
370 550 150 0
371 550 -50 0
372 550 100 0
373 550 0 0
374 600 150 0
375 550 200 0
376 550 0 0
377 550 150 0
378 550 50 0
379 600 200 0
380 450 150 0
381 550 50 0
382 550 200 0
383 550 100 0
384 600 250 0
385 550 100 0
386 450 200 0
387 550 150 0
388 550 150 0
389 550 200 0
390 650 -200 0
391 600 -150 0
392 600 -200 0
393 650 -150 0
394 650 -250 0
395 600 -100 0
396 600 -150 0
397 500 -200 0
398 650 -100 0
399 600 -50 0
400 500 -150 0
401 600 -100 0
402 600 -200 0
403 650 -50 0
404 600 0 0
405 600 -200 0
406 600 -50 0
407 600 -150 0
408 650 0 0
409 600 50 0
410 600 -150 0
411 600 0 0
412 600 -100 0
413 650 50 0
414 600 100 0
415 600 -100 0
416 600 50 0
417 600 -50 0
418 650 100 0
419 600 150 0
420 600 -50 0
421 600 100 0
422 600 0 0
423 650 150 0
424 600 200 0
425 600 0 0
426 600 150 0
427 600 50 0
428 650 200 0
429 500 150 0
430 600 50 0
431 600 200 0
432 600 100 0
433 650 250 0
434 600 100 0
435 500 200 0
436 600 150 0
437 600 150 0
438 600 200 0
439 550 -250 0
440 650 -150 0
441 650 -200 0
442 550 -200 0
443 550 -200 0
444 650 -100 0
445 650 -150 0
446 550 -200 0
447 550 -150 0
448 650 -50 0
449 550 -150 0
450 650 -100 0
451 650 -200 0
452 550 -100 0
453 650 0 0
454 650 -200 0
455 650 -50 0
456 650 -150 0
457 550 -50 0
458 650 50 0
459 650 -150 0
460 650 0 0
461 650 -100 0
462 550 0 0
463 650 100 0
464 650 -100 0
465 650 50 0
466 650 -50 0
467 550 50 0
468 650 150 0
469 650 -50 0
470 650 100 0
471 650 0 0
472 550 100 0
473 650 200 0
474 650 0 0
475 650 150 0
476 650 50 0
477 550 150 0
478 550 150 0
479 650 50 0
480 650 200 0
481 650 100 0
482 550 200 0
483 650 100 0
484 550 200 0
485 650 150 0
486 650 150 0
487 650 200 0
488 700 -150 0
489 600 -250 0
490 700 -100 0
491 600 -200 0
492 600 -200 0
493 700 -50 0
494 600 -150 0
495 600 -150 0
496 600 -150 0
497 700 0 0
498 700 -200 0
499 600 -100 0
500 600 -100 0
501 700 50 0
502 700 -150 0
503 600 -50 0
504 600 -50 0
505 700 100 0
506 700 -100 0
507 600 0 0
508 600 0 0
509 700 150 0
510 700 -50 0
511 600 50 0
512 600 50 0
513 700 200 0
514 700 0 0
515 600 100 0
516 600 100 0
517 600 150 0
518 700 50 0
519 600 150 0
520 600 150 0
521 700 100 0
522 600 200 0
523 600 200 0
524 700 150 0
