6247 5385 1255 1730 2512 2624 2228 4428 6401 193 676 4600 
6247 5385 1255 4588 5857 5098 2614 1746 3932 1828 4600 
6247 1778 3428 6280 4193 554 5010 4343 3959 6721 2588 1434 1357 4600 
6247 6551 3703 59 2895 5756 3764 4480 168 4094 2884 4600 
6247 6551 3703 1217 847 87 2537 4717 5986 65 3548 4309 676 4600 
6247 1778 106 2857 847 5604 5684 4521 6163 2026 4513 5294 4437 500 2165 5437 676 4600 
6247 5385 4899 3741 6500 1730 4212 89 2920 168 4094 2884 4600 
6247 1778 1857 5801 4631 513 3812 3039 5519 193 676 1357 4600 
6247 6551 3703 4182 209 5046 6755 1984 4370 5034 3883 6721 2588 1434 1357 4600 
6247 1778 3428 5801 4149 3777 2600 6618 4969 850 952 676 4600 
6247 6551 3703 856 3311 5490 5109 354 4281 3102 5588 301 3132 676 4600 
6247 1778 106 2857 4578 5059 937 3398 1746 3932 1828 4600 
6247 6551 5385 1255 1730 5672 1687 4467 1608 5742 2387 766 2733 2091 947 1575 4437 500 2165 5437 676 4600 
6247 1778 106 2857 2475 4659 2999 5479 2707 4370 5034 3883 6721 2588 2884 4600 
6247 6551 3703 4182 209 5046 1697 3408 949 1432 4281 6747 5588 301 3132 676 4600 
6247 6551 3703 1217 847 2285 1620 766 2733 2091 947 1575 4437 500 2165 5437 676 4600 
6247 1778 1857 5801 4149 3777 2600 6618 890 5010 4343 3959 6721 2588 1434 1357 4600 
6247 5385 4899 3703 856 3311 5490 5109 354 3102 5963 1828 4600 
6247 5385 1255 881 2576 4237 111 2457 193 676 1357 4600 
6247 5385 4899 3703 856 3311 5490 3846 3457 1468 2661 5437 676 4600 
6247 6551 2037 888 2819 5303 5684 4521 6163 2026 4513 5294 4437 1551 2713 2786 4488 364 1434 1357 4600 
6247 6551 3703 1217 847 87 2537 4717 4346 1492 3128 3905 3102 5588 301 3132 676 4600 
6247 5385 6551 3703 856 3311 5490 5109 354 3102 5588 301 383 4309 676 4600 
6247 1778 1857 5801 4631 513 3812 1332 4094 2884 4600 
6247 6551 3703 1217 847 87 2537 1432 4281 3102 5588 301 3132 676 4600 
6247 5385 1255 1730 5672 1687 6540 48 2884 4600 
6247 1778 1857 5801 4149 3777 2600 6618 4969 850 952 1434 1357 4600 
6247 1778 106 2857 847 5604 5684 4521 2026 4513 5294 2713 2786 5650 364 1434 1357 4600 
6247 6551 3703 1217 847 5604 5684 4521 2026 4513 5294 2713 2786 4488 364 1434 1357 4600 
6247 1778 1857 5801 4149 3777 2600 6618 890 5010 4343 3959 6721 2588 2884 4600 
6247 6551 3703 59 2895 5672 1687 4544 615 2237 554 5010 4343 3959 6721 2588 2884 4600 
6247 5385 4899 3741 6500 2512 1754 4237 111 2457 193 1828 4600 
6247 6551 3703 856 3311 5490 6307 1545 2707 4370 5034 3883 6721 2588 2884 4600 
6247 1778 106 2857 847 87 2537 1432 4281 6747 5588 301 3132 676 4600 
6247 6551 3703 856 3311 5490 5109 354 3102 5588 301 3132 676 1357 4600 
6247 5385 1255 4588 5756 3764 4480 168 3001 4176 850 952 676 1357 4600 
6247 6551 3703 1217 847 87 2537 1432 4281 4370 5034 3883 6721 2588 1434 1357 4600 
6247 5385 1255 4588 5857 5098 2614 1746 3932 3548 4309 676 1357 4600 
6247 6551 3703 59 2512 1754 4237 111 2457 6597 676 4600 
6247 6551 3703 4182 209 5046 6755 1984 4281 3102 5963 1828 4600 
6247 1778 1857 5801 4149 5420 2560 5034 3883 6721 2588 952 676 4600 
6247 1778 1857 5801 4631 513 3812 3039 5519 193 676 4600 
6247 5385 1255 881 2576 4237 111 2457 193 1828 676 1357 4600 
6247 1778 3428 6280 4193 71 554 5010 4343 3959 6721 2588 1434 1357 4600 
6247 6551 2037 1416 3787 6248 957 3039 5519 193 1828 4600 
6247 6551 3703 6464 1135 5980 5604 5684 4521 6163 2026 4513 5294 4437 500 2165 5437 676 4600 
6247 6551 2037 888 2819 5303 5684 4521 2026 4513 5294 4437 500 2165 5437 676 4600 
6247 6551 3703 3619 1135 3912 6670 1902 4387 1608 6369 4089 3800 5294 2713 2786 5650 364 90 1357 676 4600 
6247 1778 3428 5801 4149 3777 2600 6618 4969 850 1519 364 1434 1357 4600 
6247 5385 1255 4588 4212 3446 5098 2614 1746 3932 1828 4600 
6247 6551 3703 856 3311 5490 3846 6307 1545 2707 4370 5034 3883 6721 2588 2884 4600 
