6247 6551 3703 59 3992 6454 48 2884 4600 
6247 5385 1255 1730 5857 533 2799 48 2884 4600 
6247 1778 4631 513 3812 6572 952 676 4600 
6247 1778 3428 5801 5420 132 6540 48 2884 4600 
6247 5463 1341 3812 1332 4094 2884 4600 
6247 6551 3703 856 3311 5490 5109 354 3102 5963 1828 4600 
6247 5385 1255 1730 5672 1687 6454 48 2884 4600 
6247 5463 1341 3812 3039 5519 193 676 4600 
6247 6551 3703 1416 3787 6248 957 3039 5519 193 1828 4600 
6247 6551 3703 6464 3992 4743 5233 1099 3577 2884 4600 
6247 1778 1857 4631 513 3812 6572 4094 2884 4600 
6247 6551 3703 59 2512 2624 2228 4428 6401 193 676 4600 
6247 5385 1255 1730 4212 89 4926 6572 952 676 4600 
6247 6551 3703 1217 847 3608 3694 4556 6540 48 2884 4600 
6247 626 3469 5756 3764 4480 1332 4094 2884 4600 
6247 6551 1696 2857 5638 6389 5233 473 1099 3577 2884 4600 
6247 626 3469 2974 5454 3812 3039 5519 193 1828 4600 
6247 6551 3703 3619 6464 3992 6454 48 2884 5365 1357 4600 
6247 5385 1255 881 2576 4237 111 2457 6597 1828 4600 
6247 1778 1857 5801 4149 3777 6540 48 2884 4600 
6247 5385 2072 2561 6500 399 2849 4950 111 2457 193 676 4600 
6247 5463 1341 3812 957 3836 6597 1828 4600 
6247 5385 1255 1730 5672 6428 2288 1099 3577 2884 4600 
6247 6551 3703 59 2895 5672 914 3764 4480 1332 4094 2884 4600 
6247 5385 1255 4588 4212 89 2920 168 4094 2884 4600 
6247 626 3469 6315 513 3812 1332 850 952 676 4600 
6247 626 3469 5756 3764 4480 1332 6572 952 676 4600 
6247 5385 4899 3703 6464 3992 6454 48 2884 2588 1434 1357 4600 
6247 5385 1255 1730 3446 5098 2614 1746 3932 1828 4600 
6247 626 3469 5756 3764 2288 1099 3577 2884 4600 
6247 1778 1857 5801 5420 132 2196 4683 3029 193 676 4600 
6247 5463 1341 3812 6572 952 1434 1357 4600 
6247 5385 4899 3703 1217 847 87 4199 5904 5986 65 3548 1828 4600 
6247 5385 1255 1730 3648 4843 4926 168 4094 2884 4600 
6247 5385 4899 3741 5683 59 3992 6454 48 2884 4600 
6247 6551 1696 4555 431 513 3812 6572 952 676 4600 
6247 6551 4899 3741 6500 2512 2624 2228 4428 6401 193 1828 4600 
6247 5385 2072 3741 6500 1730 5672 1542 4903 1746 3932 1828 4600 
6247 5385 4899 3741 6500 2512 1754 4237 111 2457 193 1828 4600 
6247 626 3469 2974 5454 3812 1332 4094 2884 5365 1357 4600 
6247 1778 106 2857 4578 5059 937 3398 1746 3932 1828 4600 
6247 6551 2037 3703 1416 3787 6248 957 3812 6572 4094 2884 4600 
6247 6551 3703 856 3311 5490 6307 392 2661 6597 676 4600 
6247 1778 4631 513 2962 2196 5063 6777 3932 1828 4600 
6247 1778 1857 707 2974 5454 3812 3039 5519 193 1828 4600 
6247 5385 4899 3703 1217 847 3608 6454 48 2884 4600 
6247 6551 3703 6464 3992 6454 48 2884 4600 
6247 626 3469 6315 513 3812 6572 952 1434 1357 4600 
6247 6551 3703 59 6649 2998 5782 2799 48 2884 4600 
6247 1778 4631 513 3351 1701 3411 3029 5804 193 676 4600 
6247 5385 1255 881 2576 4237 111 2457 6597 676 4600 
6247 1778 1857 5801 4631 513 3812 1332 6572 952 1434 1357 4600 
6247 1778 1857 5801 5420 132 6540 48 2884 4600 
6247 1778 1857 6627 3787 6248 957 3812 6572 952 676 4600 
6247 1778 106 3053 3787 6248 957 3836 6597 676 4600 
6247 6551 3703 59 143 2974 5454 3812 6572 952 676 4600 
6247 5385 6551 3703 6464 3992 6454 48 2884 5365 1357 4600 
6247 1778 3428 5801 4631 513 3812 1332 4094 2884 4600 
6247 5385 1255 1341 3812 1332 6572 952 676 4600 
6247 5385 2072 4936 178 4105 4588 5857 533 2799 48 2884 4600 
6247 1778 3428 5801 4631 513 3812 6572 952 676 4600 
6247 626 1778 1857 4631 513 3812 6572 952 676 4600 
6247 5385 1255 1730 3446 5917 3059 5544 5437 676 4600 
6247 6551 2037 3703 3619 6464 3992 6269 6454 48 2884 4600 
6247 5385 1255 1730 4028 1542 4843 4926 6572 952 676 4600 
6247 6551 4899 3703 59 3992 6454 48 2884 4600 
6247 6551 5385 1255 881 2576 4237 111 2457 193 1828 4600 
6247 5385 2072 3741 6500 2512 3446 5098 2614 1746 3932 1828 4600 
6247 6551 2037 5683 399 2849 4950 111 2457 193 1828 4600 
6247 6551 4899 3703 59 2512 1754 4237 111 2457 6597 1828 4600 
6247 5385 4899 2037 3703 6464 3992 6454 48 2799 2502 1357 4600 
6247 5385 2072 3741 6500 1730 5857 5098 2614 1746 3932 1828 4600 
6247 6551 3703 4182 59 3992 6454 48 2884 4600 
6247 1778 1857 5801 5420 2560 5034 3883 6721 2588 2884 4600 
6247 6551 3703 6464 1217 847 2285 3608 6454 48 2884 4600 
6247 5463 1341 3812 3039 1394 193 1828 4600 
6247 5463 1341 3812 3039 5519 2661 5437 676 4600 
6247 6551 3703 59 2512 5293 533 2799 48 2884 4600 
6247 626 3469 6315 3351 1701 3411 3029 193 676 4600 
6247 6551 3703 59 2512 2624 2228 6263 1422 4271 6253 4600 
6247 6551 3703 59 2512 1754 4237 111 2457 193 1828 4600 
6247 626 3469 5756 4588 5857 5098 2614 1746 3932 1828 4600 
6247 1778 4631 513 2174 4480 1332 6572 952 676 1828 4600 
6247 1778 106 2857 847 3608 6454 48 2884 5365 1434 1357 4600 
6247 5385 2072 2561 5036 1366 4129 5782 2799 48 2884 4600 
6247 626 3469 2974 5454 3812 1332 850 952 1434 1357 676 4600 
6247 1778 106 2857 847 3992 6454 48 2884 4600 
6247 626 3469 6315 3351 1701 1332 4094 2884 4600 
6247 5385 4899 3703 59 3992 6454 48 2884 5365 1357 4600 
6247 5385 4899 3741 6500 2512 2624 2228 4428 6401 193 1828 4600 
6247 626 3469 5756 3764 6040 3186 48 2884 4600 
6247 5385 1255 1730 4028 1542 4903 1746 3932 1828 4600 
6247 5463 1341 3812 1332 4176 850 952 2588 2884 4600 
6247 1778 1857 4631 513 3812 3039 3836 6597 1828 4600 
6247 1778 4631 513 3812 1332 850 1519 5650 364 1434 1357 4600 
6247 6551 3703 59 3992 4743 5233 473 1586 3577 2884 4600 
6247 5385 4899 3703 59 2895 5672 1687 6540 48 2884 4600 
6247 1778 1857 4631 513 3812 1332 850 952 676 4600 
6247 5463 1341 3812 6572 952 1434 90 1357 4600 
6247 6551 3703 6464 3992 6454 48 2884 2588 952 676 4600 
6247 6551 3703 1416 3787 6248 957 3812 6572 952 676 4600 
6247 1778 626 3469 5756 3764 4480 1332 4094 2884 4600 
6247 6551 3703 856 3311 5490 5109 354 3102 5963 1828 676 4600 
6247 626 3469 6315 513 3812 1332 4094 2884 4600 
6247 6551 5385 1255 1730 3648 4843 4926 6572 952 676 4600 
6247 6551 1696 3407 648 733 354 3102 5963 1828 4600 
6247 6551 1696 6464 3992 3608 6454 48 2884 5365 1357 4600 
6247 626 3469 6315 513 3812 3039 3836 6597 1828 4600 
6247 5385 1255 1730 6296 2156 1783 111 2457 193 1828 4600 
6247 5385 4899 3703 59 2895 5672 1542 4903 5725 2457 193 1828 4600 
6247 5385 6015 97 2928 5422 2561 5036 1366 4212 89 2920 168 4094 2884 4600 
6247 6551 2037 5683 59 2895 5672 1687 533 2799 2502 1357 4600 
6247 5385 1255 6093 1341 3812 6572 4094 2884 4600 
6247 626 1778 4631 513 132 6540 48 2884 4600 
6247 5385 2072 3741 6500 2512 1754 4237 111 2457 193 676 4600 
6247 1778 3428 5801 5420 132 2196 5063 3411 3029 193 676 4600 
6247 5385 6015 2072 2561 6500 1730 5672 1687 6454 48 2884 4600 
6247 1778 4631 513 132 6540 48 2884 2588 1434 1357 4600 
6247 1778 3428 5801 5420 3777 6540 48 2884 5365 1357 4600 
6247 6551 5385 1255 1730 3648 4843 1542 4903 1746 3932 1828 4600 
6247 1778 1857 4631 513 2962 2196 4683 3029 193 1828 4600 
6247 6551 3703 59 3992 6454 48 2884 5365 1357 4600 
6247 5385 6551 3703 59 3992 3608 6454 48 2884 4600 
6247 6551 4899 3703 59 2895 5672 1687 6540 48 2884 4600 
6247 626 3469 1812 4669 4294 6758 6077 276 952 676 4600 
6247 5385 1255 1730 5672 1542 4903 4524 5725 2457 6597 1828 4600 
6247 1778 4631 513 3812 6572 952 2588 2884 4600 
6247 6551 2037 3703 6464 3992 6454 48 2884 4600 
6247 6551 4899 2037 5683 399 2849 3233 6083 1244 2884 4600 
6247 5385 1255 1730 5672 1687 4467 2799 48 2884 4600 
6247 1778 1857 6627 3787 6248 957 3836 6597 676 4600 
6247 626 3469 2974 5454 3812 3039 5519 193 676 4600 
6247 1778 106 2857 847 3608 6454 48 2884 4600 
6247 5385 1255 1730 4212 89 4926 6572 952 1434 1357 4600 
6247 5385 1255 4588 5857 5098 2614 1746 3932 1828 4600 
6247 1778 1857 4631 513 132 6540 48 2884 4600 
6247 5385 6015 97 2928 4105 4588 5857 533 2799 48 2884 4600 
6247 626 3469 5756 3764 4480 168 6572 952 676 4600 
6247 626 1778 4631 513 3812 6572 952 276 193 1828 4600 
6247 626 1778 106 2857 5638 5256 3608 6454 48 2884 4600 
6247 5463 1341 1255 1730 6492 1723 2502 1357 4600 
6247 626 6551 3703 59 2512 1754 5397 2228 6263 1422 4271 6253 4600 
6247 6551 3703 4182 59 2512 5293 533 3290 2799 2502 1357 4600 
6247 5385 1255 1341 3812 6572 4094 2884 5365 1357 4600 
6247 5385 4899 2037 1416 3053 3787 6248 957 3812 6572 952 676 4600 
6247 5463 1341 4105 4588 5857 533 2799 48 2884 4600 
6247 1778 626 3469 2974 5454 3812 6572 4094 2884 4600 
6247 6551 2037 3703 6464 3992 6454 48 2884 5365 1357 4600 
6247 5463 1341 3812 6572 952 676 1357 4600 
6247 6551 3703 59 143 2974 5454 3812 6572 4094 2884 4600 
6247 6551 2037 1416 3787 6248 957 3836 6597 1828 4600 
6247 1778 1857 5801 4149 3777 2107 1368 3836 6597 676 4600 
6247 626 1778 4631 513 3812 3039 5519 193 676 4600 
6247 6551 5385 1255 1341 3812 3039 3836 6597 1828 4600 
6247 626 1778 4631 513 3812 6572 4094 2884 5365 1357 4600 
6247 5385 6015 97 1255 1341 3812 6572 952 676 4600 
6247 5463 1341 3812 957 4969 850 952 676 4600 
6247 5385 4899 2037 3703 6464 3992 6454 48 2884 4600 
6247 5385 4899 3703 856 3311 5490 6307 392 2661 5437 676 4600 
6247 1778 3428 5801 5420 132 6618 322 2013 4309 676 4600 
6247 5385 1255 1730 4212 89 4926 6572 952 676 1357 4600 
6247 6551 3703 6464 3992 3608 6454 48 2884 5365 1357 4600 
6247 5385 4899 2037 5683 399 2849 4950 111 2457 193 676 4600 
6247 6551 3703 1416 3787 6248 3777 6540 48 2799 2502 1357 4600 
6247 5385 1255 4105 4588 5756 3764 4480 1332 4094 2884 4600 
6247 6551 3703 4182 6649 2998 5782 2799 2502 1357 676 4600 
6247 6551 3703 856 3311 5490 5109 354 4281 3102 5963 1828 4600 
6247 5385 6015 97 2928 4105 4588 5857 533 2799 2502 1357 4600 
6247 5385 1255 881 2576 1818 4673 4753 2661 5437 676 4600 
6247 6551 3703 6464 3992 6454 48 2884 5365 1434 1357 4600 
6247 6551 4899 3703 1217 847 87 2537 1432 4281 3102 5963 1828 4600 
6247 5385 1255 4588 1730 3648 4843 4926 6572 952 676 4600 
6247 6551 1696 4555 431 513 3812 6572 952 1434 1357 4600 
6247 6551 1696 6464 3992 3608 6454 48 2884 4600 
6247 6551 3703 4182 3053 3787 6248 957 3812 6572 952 676 4600 
6247 5385 6551 3703 1217 847 3608 6454 48 2884 4600 
6247 5385 1255 1730 2895 5672 1687 6454 48 2884 4600 
6247 5385 6551 3703 1416 3787 6248 3777 6540 48 2884 4600 
6247 6551 3703 4182 209 5046 6755 1984 354 3102 5963 1828 4600 
6247 6551 1696 4555 431 513 3812 6572 4094 2884 4600 
6247 626 3469 1812 4669 1341 3812 6572 952 676 4600 
6247 5385 4899 3703 6464 3992 6269 6454 48 2884 4600 
6247 5385 1255 1730 4212 89 2920 168 4094 2884 4600 
6247 6551 3703 6464 3992 6454 48 2799 2502 1357 4600 
6247 6551 3703 856 3311 5490 6686 286 3039 5519 193 676 4600 
6247 1778 1857 4631 513 3351 1701 1332 4094 2884 4600 
6247 1778 4631 6336 1579 2770 2383 4683 3029 193 1828 4600 
6247 6551 1696 3703 6464 3992 6454 48 2884 4600 
6247 6551 3703 59 2512 4319 4692 1871 3876 5519 193 1828 4600 
6247 6551 5385 1255 1341 3812 1332 6572 952 676 4600 
6247 5385 1255 1730 5857 5098 2614 1746 3851 3932 1828 4600 
6247 5463 1341 3812 5894 3039 5519 193 676 4600 
6247 5385 2072 3741 5683 59 1217 847 3608 6454 48 2884 4600 
6247 626 3469 2974 5454 2600 6618 4969 850 952 1434 1357 4600 
6247 5385 2072 3741 5683 59 3992 6454 48 2884 4600 
6247 5385 2072 2561 3741 5683 59 3992 6454 48 2884 4600 
6247 6551 3703 4182 4942 822 1301 5233 1099 3577 2884 4600 
6247 626 3469 2974 5454 3812 6572 952 676 1828 4600 
6247 6551 3703 4182 6649 2998 5782 2799 2502 1357 4600 
6247 5385 2072 4936 2561 5036 1366 4129 5782 2799 2502 1357 4600 
6247 5463 1341 3812 513 132 6540 48 2884 4600 
6247 1778 106 1217 847 3608 6454 48 2884 5365 1357 4600 
6247 5385 1255 1730 5672 1687 6540 48 2884 5365 1434 1357 4600 
6247 5463 1341 1255 1730 3648 4843 4926 6572 4094 2884 4600 
6247 5385 2072 3741 6500 1730 3648 4843 4926 6572 952 2588 2884 4600 
6247 5463 1341 3812 3039 573 3029 193 1828 4600 
6247 5385 2072 3741 6500 2512 5293 533 2799 2502 1357 4600 
6247 5385 4899 3703 6464 3992 6454 3694 6540 48 2884 4600 
6247 6551 626 3469 5756 3764 4480 1332 4094 2884 4600 
6247 6551 3703 1217 6464 3992 6454 48 2884 4600 
6247 6551 3703 59 2512 5672 1687 6454 48 2884 4600 
6247 5385 4899 3703 3619 6464 3992 6454 48 2884 4600 
6247 5463 1341 3812 513 3351 1701 1332 4094 2884 4600 
6247 5385 1255 1730 4212 5892 89 2920 168 4094 2884 4600 
6247 1778 1857 6627 707 2974 5454 4106 2929 6083 6572 952 676 1828 4600 
6247 6551 2037 5683 3741 6500 1255 1341 3812 6572 952 676 4600 
6247 1778 4631 513 2962 2196 4683 3029 193 676 4600 
6247 1778 1857 5801 5420 132 2196 5063 6777 3932 1828 4600 
6247 6551 3703 3619 856 3311 5490 5109 6307 392 2661 5437 676 4600 
6247 1778 3428 590 3346 5821 1687 533 2799 48 2884 4600 
6247 626 6551 3703 6464 3992 4743 5233 1099 3577 2884 4600 
6247 5385 1255 1730 5672 1542 4903 1746 3851 3932 1828 4600 
6247 5385 6551 3703 1416 3787 6248 957 3039 5519 193 1828 4600 
6247 6551 1696 4555 431 513 132 6540 48 2884 4600 
6247 6551 2037 3703 59 3992 6454 48 2884 4600 
6247 5385 1255 4588 4212 89 4926 6572 952 676 193 1828 4600 
6247 6551 5385 1255 1730 4212 3037 89 4926 6572 952 676 4600 
6247 5385 6551 3703 856 3311 5490 5109 354 3102 5963 1828 4600 
6247 5385 2072 3741 6500 1730 5672 533 2799 48 2884 4600 
