6247 6551 4899 3741 1641 5281 2984 152 2610 1452 5384 1254 6092 3125 2335 671 187 
6247 6551 1696 6464 3992 4743 1970 6740 4606 2620 3748 6591 187 
6247 6551 4899 2037 5683 3596 2414 3551 3244 6092 3125 671 187 
6247 5385 2072 3741 5683 2819 5303 4444 4521 2026 4513 5294 2713 2786 3968 1970 6740 4606 2620 3748 6591 187 
6247 1778 3428 670 1428 4088 6366 5211 71 4826 1970 6740 4606 2620 3748 6591 187 
6247 5385 4899 3741 1641 3596 2414 3551 3244 6092 3125 671 187 
6247 626 3469 2974 2681 2291 3958 1102 1777 1856 221 4980 2488 3125 2335 671 187 
6247 5385 6015 2072 3741 888 2819 5303 5684 4521 4037 2859 3552 5092 2795 6740 4606 2620 3748 6591 187 
6247 6551 2037 888 2819 5303 5684 4037 2859 1160 5092 2795 6740 4606 2620 3748 6591 187 
6247 1778 3428 670 2334 2822 1185 6431 3958 2780 1709 4104 1254 6092 3125 2335 671 187 
6247 5385 4899 2037 5683 2819 5303 5684 4037 2859 1160 5092 2795 6740 4606 2620 3748 6591 187 
6247 6551 4899 3741 1641 4419 1264 2414 152 2610 1452 5384 1254 6092 3125 2335 671 187 
6247 1778 106 2857 5638 6389 4743 1970 6740 4606 2620 3748 6591 187 
6247 5385 2072 3741 1641 4419 5581 2795 6740 4606 2620 3748 6591 187 
6247 5385 6551 2037 5683 3596 2414 152 2610 1452 5384 1254 6092 3125 671 187 
6247 6551 3703 1416 5348 590 4220 4933 3219 5694 71 4826 1970 6740 4606 2620 3748 6591 187 
6247 5385 2072 3741 5683 59 1217 2857 3346 4220 4933 3219 5694 71 4826 1970 6740 4606 2620 3748 6591 187 
6247 5385 6551 626 3469 2974 2681 2291 3958 2780 1709 1340 6092 3125 671 187 
6247 6551 3703 6464 3992 4743 1970 6740 4606 2620 3748 6591 187 
6247 1778 3428 670 3124 5899 1349 4111 6476 3629 1970 6740 4606 2620 3748 6591 187 
6247 6551 4899 3741 1641 3596 2414 152 2610 1452 5384 1254 6092 3125 671 187 
6247 626 3469 1812 2974 2681 2291 3958 2780 1709 1340 6092 3125 671 187 
6247 6551 3703 1217 2857 3346 4220 4933 3219 5694 71 4826 1970 6740 4606 2620 3748 6591 187 
6247 6551 2037 888 2819 5303 5684 4521 4037 2859 1160 5092 2795 6740 4606 2620 3748 6591 187 
6247 6551 3703 59 3992 4743 1970 6740 4606 2620 3748 6591 187 
6247 6551 3703 4182 5348 590 4220 4933 3219 5694 71 4826 1970 6740 4606 2620 3748 6591 187 
6247 5385 2072 3741 1641 3596 5581 2795 3976 6740 4606 2620 3748 6591 187 
6247 5385 6015 2072 3741 1641 4419 5581 2795 3976 6740 4606 2620 3748 6591 187 
6247 5385 6015 2072 3741 5683 2819 5303 5684 4521 4037 2859 3552 5092 2795 6740 4606 2620 3748 6591 187 
6247 5385 6015 2072 3741 1641 4419 5581 2795 6740 4606 4314 2620 3748 6591 187 
6247 1778 106 2857 847 5604 5684 400 4037 2859 1160 5092 2795 6740 4606 2620 3748 6591 187 
6247 1778 4631 5801 4088 6366 5211 71 4826 1970 6740 4606 2620 3748 6591 187 
6247 6551 3703 59 3992 4743 1970 6740 4606 2620 3748 6591 671 187 
6247 5385 6551 4899 3741 1641 4419 5581 2795 6740 4606 2620 3748 6591 187 
6247 6551 2037 5683 3596 2414 152 2610 1452 5384 1254 6092 3125 671 187 
6247 6551 2037 888 2819 5303 5684 4521 4037 2859 3552 5092 2795 6740 4606 2620 3748 6591 187 
6247 5385 1255 1730 5672 6428 3587 2402 4069 6538 3775 1384 6141 4463 2795 6740 4606 2620 3748 6591 187 
6247 5385 2072 3741 5683 3596 5581 2795 6740 4606 2620 3748 6591 187 
6247 626 3469 2974 2681 2291 6431 1102 1777 625 6550 5384 1254 6092 3125 2335 671 187 
6247 1778 3428 670 1428 4573 5359 4193 6476 3629 1970 6740 4606 2620 3748 6591 187 
6247 626 3469 2974 2681 2291 3958 2780 1709 1340 1254 6092 3125 671 187 
6247 5385 6015 2072 3741 5683 2819 5303 5684 4037 2859 3552 5092 2795 6740 4606 2620 3748 6591 187 
6247 5385 6015 2072 3741 888 2819 5303 5684 4037 2859 3552 5092 2795 6740 4606 2620 3748 6591 187 
6247 5385 4899 3741 5683 3596 5581 2795 6740 4606 2620 3748 6591 187 
6247 6551 2037 5683 4520 2414 3551 3244 6092 3125 671 187 
6247 1778 4631 5801 4088 4573 5359 4193 6476 3629 1970 6740 4606 2620 3748 6591 187 
6247 5385 1255 1730 3446 4319 4405 2291 3958 2780 1709 4104 1254 6092 3125 2335 671 187 
6247 6551 2037 888 2819 5303 4444 4521 2026 4513 5294 2713 2786 3968 1970 6740 4606 2620 3748 6591 187 
6247 6551 2037 5683 3596 2414 3551 3244 6092 3125 671 187 
6247 1778 3428 670 2334 2822 1666 6431 1102 1777 1856 221 4980 2488 3125 2335 671 187 
6247 6551 2037 5683 2819 5303 4444 4521 2026 4513 5294 2713 2786 3968 1970 6740 4606 2620 3748 6591 187 
6247 1778 1857 707 2974 2681 2291 3958 2780 1709 4104 1254 6092 3125 671 187 
6247 5385 2072 3741 4899 3703 1217 106 2936 670 1428 4193 6476 3629 1970 6740 4606 2620 3748 6591 187 
6247 5385 2072 3741 5683 59 1217 106 3428 6280 4193 6476 3629 1970 6740 4606 2620 3748 6591 187 
6247 5385 4899 3741 1641 4419 5581 2795 6740 4606 2620 3748 6591 187 
6247 6551 3703 4182 4942 822 5581 2795 6740 4606 2620 3748 6591 671 187 
6247 6551 3703 2037 5683 3596 2414 152 2610 1452 5384 1254 6092 3125 671 187 
6247 5385 4899 3703 6464 3992 4743 1970 6740 4606 2620 3748 6591 187 
6247 6551 3703 1217 847 5604 5303 4444 4521 2026 4513 5294 2713 2786 3968 1970 6740 4606 2620 3748 6591 187 
6247 6551 3703 6464 3992 4743 1970 6740 4606 4314 2620 3748 6591 671 187 
6247 5385 2072 3741 888 2819 5303 4444 4521 2026 4513 5294 2713 2786 3968 1970 6740 4606 2620 3748 6591 187 
6247 5385 2072 3741 4899 3703 1217 106 3428 6280 4193 6476 3629 1970 6740 4606 2620 3748 6591 187 
6247 5385 2072 3741 1641 4419 5581 2795 3976 6740 4606 2620 3748 6591 187 
6247 5385 4899 2037 888 2819 5303 5684 4037 2859 3552 5092 2795 6740 4606 2620 3748 6591 187 
6247 5385 4899 3741 1641 5281 2984 152 2610 1452 5384 1254 6092 3125 2335 671 187 
6247 5385 4899 3741 5683 3596 2414 152 2610 1452 5384 1254 6092 3125 671 187 
6247 1778 3428 6280 4933 3219 5694 71 4826 1970 6740 4606 2620 3748 6591 187 
6247 5385 2072 3741 6500 2512 5672 1687 4544 615 2237 554 6476 3629 1970 6740 4606 2620 3748 6591 187 
6247 5385 4899 2037 888 2819 5303 4444 4521 2026 4513 5294 2713 2786 3968 1970 6740 4606 2620 3748 6591 187 
6247 5385 1255 1730 3446 4319 4405 2291 3958 2780 1709 1340 6092 3125 671 187 
6247 5385 4899 2037 888 2819 5303 4444 4521 2026 6502 2563 2859 1160 5092 2795 6740 4606 2620 3748 6591 187 
6247 5385 4899 2037 888 2819 5303 4444 4521 2026 6502 2563 2859 3552 5092 2795 6740 4606 2620 3748 6591 187 
6247 6551 2037 5683 2819 5303 5684 4521 2026 4513 5294 2713 2786 3968 1970 6740 4606 2620 3748 6591 187 
6247 6551 4899 2037 888 2819 5303 4444 4521 2026 4513 5294 2713 2786 3968 1970 6740 4606 2620 3748 6591 187 
6247 5385 4899 2037 5683 4520 2414 3551 3244 6092 3125 671 187 
6247 6551 3703 6464 3992 4743 1970 6740 4606 4314 2620 3748 6591 187 
6247 1778 4631 707 2974 2681 2291 3958 2780 1709 1340 1254 6092 3125 671 187 
6247 5385 4899 2037 5683 2819 5303 5684 4037 2859 3552 5092 2795 6740 4606 2620 3748 6591 187 
6247 1778 4631 6280 4933 3219 5694 71 4826 1970 6740 4606 2620 3748 6591 187 
6247 6551 3703 1416 1497 5131 3032 1865 4158 35 1709 1340 1254 6092 3125 671 187 
6247 6551 2037 5683 3596 2414 152 2610 1452 5384 1254 6092 3125 2335 671 187 
6247 5385 4899 2037 5683 3596 2414 152 4158 35 1709 1340 6092 3125 671 187 
6247 5385 4899 3741 1641 3596 2414 152 2610 1452 5384 1254 6092 3125 2335 671 187 
6247 6551 4899 3741 1641 3596 2414 152 2610 1452 5384 1254 6092 3125 2335 671 187 
6247 5385 2072 3741 5683 59 1217 106 3428 6280 4193 4111 3629 1970 6740 4606 2620 3748 6591 187 
6247 626 3469 2974 2681 2291 3958 2780 1709 5649 5351 2488 3125 671 187 
6247 5385 6551 3703 6464 3992 4743 1970 6740 4606 2620 3748 6591 187 
6247 1778 1857 707 2974 2681 2291 3958 2780 1709 1340 1254 6092 3125 671 187 
6247 1778 3428 670 1428 4193 6476 3629 1970 6740 4606 2620 3748 6591 187 
6247 6551 3703 1416 1497 5429 5131 3032 1865 4158 35 1709 1340 6092 3125 671 187 
6247 5385 1255 1730 5672 1687 4544 615 2237 554 5314 1384 6141 4463 2795 6740 4606 2620 3748 6591 187 
6247 5385 2072 3741 5683 2819 5303 5684 4521 2026 4513 5294 2713 2786 3968 1970 6740 4606 2620 3748 6591 187 
6247 626 3469 2974 2681 2291 6431 1102 1777 1856 221 4980 2488 3125 2335 671 187 
6247 5385 6015 2072 3741 888 2819 5303 5684 4037 2859 1160 5092 2795 6740 4606 2620 3748 6591 187 
6247 5385 6551 3703 1416 1497 5131 3032 1865 4158 35 1709 1340 6092 3125 671 187 
6247 6551 3703 1217 106 590 4220 4933 3219 5694 71 4826 1970 6740 4606 2620 3748 6591 187 
6247 1778 106 2936 670 3124 5899 1349 6476 3629 1970 6740 4606 2620 3748 6591 187 
6247 5385 6015 2072 3741 5683 3596 5581 2795 6740 4606 2620 3748 6591 187 
6247 6551 3703 1416 1497 5131 3032 1865 4158 2610 1452 5384 1254 6092 3125 2335 671 187 
6247 6551 3703 1217 847 5604 5684 400 4037 2859 1160 5092 2795 6740 4606 2620 3748 6591 187 
6247 6551 3703 1217 2857 3346 4220 4933 3219 5211 71 4826 1970 6740 4606 2620 3748 6591 187 
6247 5385 4899 3741 5683 2819 5303 4444 4521 2026 6502 2563 2859 1160 5092 2795 6740 4606 2620 3748 6591 187 
6247 5385 4899 3741 1641 4419 1264 2414 152 2610 1452 5384 1254 6092 3125 671 187 
6247 5385 1255 1730 5672 328 3278 3587 2402 4069 6538 3775 1384 6141 4463 2795 6740 4606 2620 3748 6591 187 
6247 6551 3703 1416 1497 5131 3032 1865 4158 35 1709 1340 6092 3125 671 187 
6247 626 3469 2974 2681 5157 2291 3958 2780 1709 1340 6092 3125 671 187 
6247 5385 1255 1730 5672 328 6428 3587 2402 4069 6538 3775 1384 6141 4463 2795 6740 4606 2620 3748 6591 187 
6247 5385 4899 3741 1641 3596 5581 2795 6740 4606 2620 3748 6591 187 
6247 6551 2037 5683 2819 5303 5684 4521 4037 2859 1160 5092 2795 6740 4606 2620 3748 6591 187 
6247 6551 3703 59 5683 3596 2414 3551 3244 6092 3125 671 187 
6247 6551 3703 59 143 2974 2681 2291 3958 2780 1709 4104 1254 6092 3125 2335 671 187 
6247 6551 2037 888 2819 5303 5684 4521 2026 4513 5294 2713 2786 3968 1970 6740 4606 2620 3748 6591 187 
6247 6551 4899 3741 1641 4419 5581 2795 6740 4606 2620 3748 6591 187 
6247 6551 3703 6464 1135 5980 5604 5684 4521 4037 2859 1160 5092 2795 6740 4606 2620 3748 6591 187 
6247 5385 2072 3741 6500 1730 5672 1687 4544 615 2237 554 6476 3629 1970 6740 4606 2620 3748 6591 187 
6247 5385 4899 3703 59 3992 4743 1970 6740 4606 2620 3748 6591 187 
6247 6551 2037 5683 4520 2414 152 2610 1452 5384 1254 6092 3125 2335 671 187 
6247 1778 3428 670 3124 5899 1349 6476 3629 1970 6740 4606 2620 3748 6591 187 
6247 6551 4899 3741 1641 3596 2414 3551 3244 6092 3125 671 187 
6247 5385 1255 1730 5672 1687 2162 4647 2237 554 5314 1384 6141 4463 2795 6740 4606 2620 3748 6591 187 
6247 6551 3703 6464 1135 5980 5604 5684 400 4037 2859 1160 5092 2795 6740 4606 2620 3748 6591 187 
6247 6551 626 3469 2974 2681 2291 3958 2780 1709 1340 6092 3125 671 187 
6247 6551 3703 1217 6510 590 4220 4933 3219 5694 71 4826 1970 6740 4606 2620 3748 6591 187 
6247 6551 626 3469 1812 2974 2681 2291 3958 2780 1709 1340 6092 3125 671 187 
6247 6551 4899 2037 5683 4520 2414 3551 3244 6092 3125 671 187 
6247 5385 4899 2037 5683 3596 5581 2795 6740 4606 2620 3748 6591 187 
6247 5385 1255 1730 2512 4319 4405 2291 3958 2780 1709 1340 6092 3125 671 187 
6247 6551 3703 4182 4942 822 5581 2795 6740 4606 2620 3748 6591 187 
6247 5385 4899 2037 5683 3596 2414 152 2610 1452 5384 1254 6092 3125 671 187 
6247 1778 4631 6280 4193 4111 3629 1970 6740 4606 2620 3748 6591 187 
6247 6551 3703 6464 1135 5980 5604 5684 4037 2859 1160 5092 2795 6740 4606 2620 3748 6591 187 
6247 6551 3703 6464 1135 5980 5604 5684 4037 2859 3552 5092 2795 6740 4606 2620 3748 6591 187 
6247 5385 6551 3703 1217 847 5604 5684 4037 2859 1160 5092 2795 6740 4606 2620 3748 6591 187 
6247 5385 2072 3741 888 2819 5303 5684 4521 2026 4513 5294 2713 2786 3968 1970 6740 4606 2620 3748 6591 187 
6247 6551 626 3469 2974 2681 2291 3958 2780 1709 1340 1254 6092 3125 671 187 
6247 6551 3703 4182 4942 822 4743 1970 6740 4606 2620 3748 6591 187 
6247 5385 4899 2037 5683 4520 2414 152 2610 1452 5384 1254 6092 3125 2335 671 187 
6247 1778 3428 670 5429 5131 3032 1865 4158 35 1709 1340 6092 3125 671 187 
6247 6551 2037 888 2819 5303 4444 4521 4037 2859 3552 5092 2795 6740 4606 2620 3748 6591 187 
6247 5385 6015 2072 2561 485 4419 5581 2795 6740 4606 2620 3748 6591 187 
6247 6551 3703 1217 21 3346 4220 4933 3219 5694 71 4826 1970 6740 4606 2620 3748 6591 187 
6247 5385 4899 3741 1641 3596 2414 152 4158 35 1709 1340 6092 3125 671 187 
6247 5385 6015 2072 3741 5683 2819 5303 5684 4521 4037 2859 1160 5092 2795 6740 4606 2620 3748 6591 187 
6247 6551 3703 59 143 2974 2681 2291 3958 2780 1709 1340 6092 3125 671 187 
6247 6551 3703 2037 5683 3596 5581 2795 6740 4606 2620 3748 6591 187 
6247 6551 3703 59 5683 3596 5581 2795 6740 4606 2620 3748 6591 187 
6247 1778 1857 707 2974 2681 2291 3958 2780 1709 5649 5351 2488 3125 671 187 
6247 5385 6015 2072 3741 5683 2819 5303 4444 4521 4037 2859 1160 5092 2795 6740 4606 2620 3748 6591 187 
6247 5385 2072 3741 5683 2819 5303 5684 4521 2026 6502 2563 2859 1160 5092 2795 6740 4606 2620 3748 6591 187 
6247 5385 2072 2561 6500 2512 5672 1687 4544 615 2237 554 6476 3629 1970 6740 4606 2620 3748 6591 187 
6247 5385 6015 2072 3741 5683 2819 5303 5684 4037 2859 3552 1160 5092 2795 6740 4606 2620 3748 6591 187 
6247 1778 3428 6280 4193 6476 3629 1970 6740 4606 2620 3748 6591 187 
6247 1778 1857 5801 4088 6366 5211 71 4826 1970 6740 4606 2620 3748 6591 187 
6247 6551 3703 6464 1135 5980 5604 5684 4521 4037 2859 3552 5092 2795 6740 4606 2620 3748 6591 187 
6247 6551 3703 6464 3992 1885 4743 1970 6740 4606 2620 3748 6591 187 
6247 1778 1857 4631 707 2974 2681 2291 3958 2780 1709 1340 6092 3125 671 187 
6247 1778 3428 670 2334 2822 1666 6431 3958 2780 1709 4104 1254 6092 3125 2335 671 187 
6247 5385 2072 3741 1641 3596 5581 2795 6740 4606 4314 2620 3748 6591 187 
6247 1778 3428 6280 2334 2822 1185 6431 3958 2780 1709 4104 1254 6092 3125 2335 671 187 
6247 5385 6015 2072 3741 1641 4419 5581 2795 6740 4606 2620 3748 6591 187 
6247 1778 1857 707 2974 2681 5157 2291 3958 2780 1709 1340 6092 3125 671 187 
6247 5385 1255 1730 5672 6428 3278 3587 2402 4069 6538 3775 1384 6141 4463 2795 6740 4606 2620 3748 6591 187 
6247 5385 4899 2037 5683 2819 5303 4444 4521 2026 6502 2563 2859 3552 5092 2795 6740 4606 2620 3748 6591 187 
6247 6551 4899 3741 1641 4419 1264 2414 3551 3244 6092 3125 671 187 
6247 5385 4899 2037 888 2819 5303 5684 4037 2859 1160 5092 2795 6740 4606 2620 3748 6591 187 
6247 5385 2072 3741 1641 3596 2414 152 2610 1452 5384 1254 6092 3125 2335 671 187 
6247 5385 2072 2561 485 4419 5581 2795 6740 4606 2620 3748 6591 187 
6247 1778 4631 707 2974 2681 2291 3958 2780 1709 1340 6092 3125 671 187 
6247 6551 3703 1217 847 5604 5684 4037 2859 1160 5092 2795 6740 4606 2620 3748 6591 187 
6247 6551 3703 2037 5683 3596 2414 3551 3244 6092 3125 671 187 
6247 6551 3703 59 2512 2207 6345 1023 1102 1777 1856 221 4980 2488 3125 2335 671 187 
6247 5385 1255 1730 2895 5672 1687 2162 4647 2237 554 5314 1384 6141 4463 2795 6740 4606 2620 3748 6591 187 
6247 5385 4899 3741 1641 4419 5581 2795 6740 4606 2620 3748 6591 671 187 
6247 1778 3428 6280 4933 3219 5211 71 4826 1970 6740 4606 2620 3748 6591 187 
6247 1778 3428 6280 2334 2822 1185 6431 1102 1777 1856 221 4980 2488 3125 2335 671 187 
6247 6551 3703 6464 3992 4743 1970 6740 4606 2620 3748 6591 671 187 
6247 1778 3428 5801 4088 6366 5211 71 4826 1970 6740 4606 2620 3748 6591 187 
6247 6551 3703 6464 3992 1885 4743 1970 6740 4606 2620 3748 6591 671 187 
6247 6551 2037 888 2819 5303 4444 4521 4037 2859 1160 5092 2795 6740 4606 2620 3748 6591 187 
6247 6551 4899 2037 5683 3596 5581 2795 6740 4606 2620 3748 6591 187 
6247 6551 3703 6464 1135 5980 5604 5684 4521 2026 4513 5294 2713 2786 3968 1970 6740 4606 2620 3748 6591 187 
6247 5385 4899 3741 1641 5281 6345 1023 1102 1777 1856 221 4980 2488 3125 2335 671 187 
6247 5385 2072 2561 6500 1730 5672 1687 4544 615 2237 554 6476 3629 1970 6740 4606 2620 3748 6591 187 
6247 5385 6015 2072 3741 1641 3596 5581 2795 6740 4606 2620 3748 6591 187 
6247 5385 6015 2072 3741 5683 2819 5303 5684 4037 2859 1160 5092 2795 6740 4606 2620 3748 6591 187 
6247 5385 4899 3741 1641 4419 1264 2414 152 2610 1452 5384 1254 6092 3125 2335 671 187 
6247 626 3469 2974 2681 2291 3958 2780 1709 1340 6092 3125 671 187 
6247 6551 4899 2037 5683 4520 2414 152 2610 1452 5384 1254 6092 3125 2335 671 187 
6247 6551 2037 888 2819 5303 4444 4521 2026 6502 2563 2859 1160 5092 2795 6740 4606 2620 3748 6591 187 
6247 6551 2037 5683 2819 5303 4444 4521 4037 2859 3552 5092 2795 6740 4606 2620 3748 6591 187 
6247 5385 2072 3741 5683 3596 5581 2795 3976 6740 4606 2620 3748 6591 187 
6247 5385 2072 3741 4899 3703 1217 2857 3346 4220 4933 3219 5694 71 4826 1970 6740 4606 2620 3748 6591 187 
6247 5385 4899 2037 5683 2819 5303 4444 4521 2026 6502 2563 2859 1160 5092 2795 6740 4606 2620 3748 6591 187 
6247 6551 2037 5683 3596 5581 2795 6740 4606 2620 3748 6591 187 
6247 1778 106 2857 5638 6389 3629 1970 6740 4606 2620 3748 6591 187 
6247 6551 1696 2857 5638 6389 3629 1970 6740 4606 2620 3748 6591 187 
6247 6551 3703 1217 5348 590 4220 4933 3219 5694 71 4826 1970 6740 4606 2620 3748 6591 187 
6247 6551 3703 59 5683 3596 2414 152 2610 1452 5384 1254 6092 3125 671 187 
6247 1778 1857 707 2974 2681 2291 3958 2780 1709 1340 6092 3125 671 187 
6247 6551 3703 1217 847 5604 5684 4037 2859 3552 5092 2795 6740 4606 2620 3748 6591 187 
6247 1778 1857 5801 6280 4193 6476 3629 1970 6740 4606 2620 3748 6591 187 
6247 1778 3428 670 2334 2822 1185 6431 1102 1777 1856 221 4980 2488 3125 2335 671 187 
6247 5385 2072 3741 5683 59 1217 21 3346 4220 4933 3219 5694 71 4826 1970 6740 4606 2620 3748 6591 187 
6247 1778 3428 6280 4193 4111 3629 1970 6740 4606 2620 3748 6591 187 
6247 1778 3428 6280 4193 71 4826 1970 6740 4606 2620 3748 6591 187 
6247 5385 2072 3741 1641 3596 2414 3551 3244 6092 3125 671 187 
6247 5385 4899 3741 1641 4419 1264 2414 3551 3244 6092 3125 671 187 
6247 6551 3703 4899 3741 1641 4419 5581 2795 6740 4606 2620 3748 6591 187 
6247 6551 3703 1217 847 5604 5684 400 4037 2859 3552 5092 2795 6740 4606 2620 3748 6591 187 
6247 1778 1857 707 2974 2681 2291 3958 2780 1709 1340 6092 3125 2335 671 187 
6247 5385 4899 3741 1641 3596 2414 152 2610 1452 5384 1254 6092 3125 671 187 
6247 5385 2072 3741 6500 1730 5672 1687 4544 615 2237 554 71 4826 1970 6740 4606 2620 3748 6591 187 
6247 1778 4631 6280 4193 6476 3629 1970 6740 4606 2620 3748 6591 187 
6247 6551 4899 2037 5683 3596 2414 152 2610 1452 5384 1254 6092 3125 671 187 
6247 5385 6015 2072 3741 888 2819 5303 5684 4521 4037 2859 1160 5092 2795 6740 4606 2620 3748 6591 187 
6247 5385 6551 3703 6464 3992 4743 1970 6740 4606 2620 3748 6591 671 187 
6247 5385 2072 3741 1641 3596 5581 2795 6740 4606 2620 3748 6591 187 
6247 5385 4899 2037 5683 3596 2414 3551 3244 6092 3125 671 187 
6247 5385 2072 3741 1641 4419 5581 2795 6740 4606 4314 2620 3748 6591 187 
6247 6551 2037 5683 2819 5303 4444 4521 4037 2859 1160 5092 2795 6740 4606 2620 3748 6591 187 
6247 5385 2072 3741 5683 59 1217 106 2936 670 1428 4193 6476 3629 1970 6740 4606 2620 3748 6591 187 
6247 5385 4899 2037 5683 3596 2414 152 2610 1452 5384 1254 6092 3125 2335 671 187 
6247 5385 6551 3703 59 3992 4743 1970 6740 4606 2620 3748 6591 187 
