1 3 15 88 92 106 112 256 1088 1265 1436 1776 2100 2418 2733 2880 2389 2357 2651 
1 2 5 11 78 198 489 581 1010 1193 1365 1533 1699 1861 2019 2177 2335 2493 2651 
1 4 8 73 193 576 980 1163 1336 1505 1671 1833 2156 2323 2651 
1 3 14 86 208 785 1036 1217 1389 1557 1723 1885 2207 2357 2651 
1 4 10 19 21 25 42 143 923 1115 1289 1627 1800 1968 2296 2323 2651 
1 4 9 76 562 1153 1326 1495 1661 1988 2156 2323 2651 
1 4 8 72 189 535 923 1115 1289 1628 1950 2261 2580 2752 2296 2323 2651 
1 2 5 11 79 764 784 805 864 1265 1436 1776 2100 2418 2733 2880 2389 2357 2651 
1 4 8 73 193 576 980 1163 1336 1678 1849 2177 2335 2493 2651 
1 3 14 84 210 517 1088 1265 1436 1603 1769 1928 2086 2409 2723 2714 2705 2696 2687 2679 2671 2640 2930 3003 3004 3005 1960 1988 2156 2323 2651 
1 3 14 84 211 806 1046 1226 1571 1729 1883 2177 2335 2493 2651 
1 2 5 11 78 198 489 581 1010 1193 1365 1704 2035 2357 2651 
1 4 10 18 157 264 265 266 267 269 301 385 441 476 188 559 970 1153 1326 1668 2001 2323 2651 
1 3 16 205 1010 1193 1538 1877 2035 2357 2651 
1 4 8 72 189 538 539 540 270 272 274 276 278 281 316 364 428 123 243 889 1088 1265 1436 1603 1935 2084 2398 2389 2357 2651 
1 2 6 83 782 1226 1397 1565 1731 2057 2207 2357 2651 
1 4 8 72 189 538 539 540 270 272 275 308 351 414 463 211 806 1046 1226 1397 1565 1731 2057 2207 2357 2651 
1 2 7 75 192 560 701 1115 1461 1802 1812 1840 2007 2335 2493 2651 
1 4 9 190 578 1201 1547 1705 2001 2323 2651 
1 2 7 75 192 559 970 1153 1326 1495 1661 1823 1981 2304 2632 2641 2664 2952 3034 3035 3036 2082 2049 2199 2493 2651 
1 2 5 11 80 487 980 1163 1336 1505 1840 2007 2335 2493 2651 
1 2 5 11 79 496 1035 1236 1237 1238 1239 896 874 852 832 813 792 772 623 639 657 970 1153 1326 1668 2001 2323 2651 
1 2 6 83 783 1193 1365 1533 1699 1861 2019 2177 2335 2493 2651 
1 2 6 81 207 514 1077 1255 1600 1937 2095 2415 2729 2723 2714 2705 2696 2687 2657 2941 3013 3014 2436 1980 2007 2335 2493 2651 
1 4 9 190 1009 1210 210 517 1088 1265 1436 1776 2100 2418 2733 2880 2389 2357 2651 
1 3 15 89 228 890 891 892 893 894 324 370 423 463 211 806 1046 1226 1397 1737 2035 2357 2651 
1 2 7 75 192 559 970 1153 1326 1495 1661 1823 1981 2139 2297 2621 2917 2993 2994 2995 1948 1968 2296 2323 2651 
1 3 16 205 1032 1022 1014 1176 1177 1178 1005 952 940 692 316 365 462 802 781 562 1153 1326 1668 2001 2323 2651 
1 4 10 18 155 536 928 1120 1294 1464 1630 1796 1954 2274 2602 2612 2622 2632 2656 2947 3031 3032 2564 2073 2041 2335 2493 2651 
1 2 5 11 78 198 489 581 1010 1193 1365 1705 2001 2323 2651 
1 4 9 76 562 1153 1326 1668 2001 2323 2651 
1 2 6 81 206 805 864 1265 1611 1767 1917 2231 2199 2493 2651 
1 3 15 89 228 890 891 892 893 871 849 829 830 831 834 795 476 188 559 970 1153 1502 1843 2165 2493 2651 
1 2 5 11 80 741 577 560 701 1115 1289 1459 1793 1958 2286 2296 2323 2651 
1 4 9 190 1009 1210 1211 904 852 832 813 792 772 752 621 635 645 150 530 923 1115 1461 1634 1810 2138 2165 2493 2651 
1 2 5 11 79 496 1036 1217 1562 1901 2224 2538 2507 2657 2941 3013 3014 2436 1980 2007 2335 2493 2651 
1 2 7 76 561 1007 1373 1541 1707 1869 2027 2185 2507 2657 2941 3013 3014 2436 1980 2007 2335 2493 2651 
1 4 9 190 1009 1210 1211 1028 424 403 334 384 475 917 913 843 1217 1389 1557 1891 2041 2335 2493 2651 
1 2 6 81 207 514 1077 1255 1426 1593 1759 1919 2077 2400 2549 2863 2854 2845 2837 2829 2821 2813 2805 2796 2787 2777 2900 2901 2902 1790 1795 1820 1988 2156 2323 2651 
1 2 5 11 79 496 782 1226 1571 1877 2035 2357 2651 
1 2 5 12 202 509 1065 1266 1267 1268 1269 1270 423 463 211 806 1046 1226 1397 1565 1899 2049 2199 2493 2651 
1 2 7 75 194 189 538 539 540 270 273 307 391 488 766 767 768 769 749 587 589 613 624 648 659 714 1163 1336 1505 1671 1833 2156 2323 2651 
1 4 9 76 561 1193 1365 1533 1699 1861 2019 2177 2335 2493 2651 
1 4 10 18 157 264 265 266 267 269 299 339 443 481 561 1193 1365 1533 1699 1861 2019 2177 2335 2493 2651 
1 2 5 11 78 200 1014 1176 1177 1178 300 303 306 309 312 314 317 372 430 518 1046 1226 1571 1877 2199 2493 2651 
1 2 6 83 783 1193 1365 1704 2035 2357 2651 
1 2 7 75 194 189 535 923 1115 1289 1627 1800 1968 2296 2323 2651 
1 2 6 81 207 514 1077 1255 1426 1767 1917 2066 2215 2365 2679 2671 2640 2930 3003 3004 3005 1960 1988 2156 2323 2651 
1 4 9 191 970 1153 1502 1842 1866 2193 2351 2672 2957 3038 3039 3040 2091 2057 2207 2357 2651 
1 3 16 205 1032 1196 1129 683 306 309 312 314 317 320 323 326 92 106 112 256 1088 1265 1611 1767 1917 2231 2199 2493 2651 
1 4 8 72 187 550 963 964 965 947 299 339 443 481 561 1007 1373 1541 1707 1869 2027 2185 2506 2832 2963 2964 2965 1924 1891 2041 2335 2493 2651 
1 4 9 190 578 1201 1373 1541 1707 1869 2027 2185 2343 2664 2952 3034 3035 3036 2082 2049 2199 2493 2651 
1 2 5 11 79 764 1047 1048 1049 1050 1040 1030 906 771 339 443 73 193 576 980 1163 1336 1505 1671 1833 2156 2323 2651 
1 2 5 12 202 807 808 809 810 789 769 770 771 339 443 73 193 576 980 1163 1336 1505 1671 1833 1991 2149 2472 2799 2808 2816 2824 2832 2963 2964 2965 1924 1915 1883 2177 2335 2493 2651 
1 3 14 84 209 824 1078 1079 1080 1081 895 365 417 507 783 1193 1365 1533 1699 1861 2019 2177 2335 2493 2651 
1 2 5 11 80 741 993 994 995 951 952 940 692 693 319 367 427 514 1077 1255 1426 1767 1917 2231 2199 2493 2651 
1 2 5 12 202 807 808 809 810 789 790 791 793 795 476 188 559 970 1153 1326 1495 1661 1823 2146 2474 2498 2824 2832 2840 2848 2857 2981 2982 2983 1943 1939 1908 2057 2207 2357 2651 
1 2 5 11 78 198 489 581 1010 1193 1538 1712 1882 2209 2367 2688 2968 3046 3047 3048 2101 2075 2389 2357 2651 
1 2 5 12 202 807 808 809 810 789 790 310 404 491 745 1018 1201 1373 1541 1707 1869 2027 2185 2506 2672 2957 3038 3039 3040 2091 2057 2207 2357 2651 
1 2 6 81 207 514 1077 1255 1426 1593 1926 2075 2224 2538 2529 2521 2491 2805 2921 2922 2785 2786 1650 1678 1849 2177 2335 2493 2651 
1 2 5 12 202 207 514 864 1265 1436 1603 1769 2093 2407 2398 2389 2357 2651 
1 2 5 12 202 807 808 809 810 789 790 791 793 795 388 180 541 701 1115 1289 1459 1625 1951 2276 2286 2296 2323 2651 
1 2 7 75 192 560 701 1115 1289 1459 1625 1951 2276 2304 2632 2641 2650 2658 2666 2674 2850 2851 2852 1765 1729 1883 2177 2335 2493 2651 
1 3 15 87 113 123 243 889 1088 1265 1611 1767 1917 2066 2215 2365 2679 2671 2640 2930 3003 3004 3005 1960 1988 2156 2323 2651 
1 2 6 83 782 1226 1397 1736 2068 2391 2540 2689 2961 3027 3002 2476 2018 2040 2367 2688 2968 3046 3047 3048 2101 2075 2389 2357 2651 
1 2 5 11 78 200 1014 1006 996 986 976 1130 1131 1132 1133 1135 441 476 188 559 970 1153 1502 1678 1849 2177 2335 2493 2651 
1 2 5 11 78 200 1014 1006 996 986 1146 1147 1148 1134 953 443 73 193 576 980 1163 1336 1505 1671 1833 2156 2323 2651 
1 3 14 84 209 509 1065 1266 1267 1268 1269 1270 423 463 211 806 1046 1226 1571 1897 1867 2159 2482 2631 2924 2917 2993 2994 2995 1948 1968 2296 2323 2651 
