51 15 124 180 66 106 193 25 200 132 26 
51 184 5 7 48 68 55 148 188 137 190 103 86 26 
51 15 72 161 23 162 59 70 55 149 67 38 92 26 
51 184 5 7 4 78 84 180 34 70 55 67 188 193 108 71 195 33 26 
51 184 121 166 187 43 168 68 153 131 193 181 148 40 26 
51 15 96 191 48 36 101 102 64 168 70 140 117 152 26 
51 15 96 191 171 104 64 141 40 148 35 137 190 103 196 26 
51 184 121 166 147 8 87 64 141 80 60 74 128 139 26 
51 15 124 185 78 36 46 94 153 98 119 188 67 128 132 26 
51 184 5 7 48 11 46 149 177 117 152 26 
51 15 154 23 189 153 106 148 128 159 26 
51 184 85 78 46 67 135 26 
51 136 191 48 68 55 67 116 200 152 26 
51 184 5 7 48 11 93 89 176 44 25 200 152 26 
51 15 96 191 48 36 101 102 64 87 11 66 119 113 97 195 88 26 
51 15 96 191 48 4 168 70 133 119 188 67 80 26 
51 15 124 191 48 43 46 149 18 80 109 188 119 118 97 195 88 26 
51 184 121 166 147 8 11 94 67 103 196 26 
51 184 5 7 43 174 55 158 153 98 119 188 164 103 92 26 
51 145 124 191 171 104 68 153 98 119 74 195 132 26 
51 184 161 48 36 101 62 64 90 2 164 103 196 26 
51 184 5 182 48 84 34 94 57 140 74 128 92 26 
51 15 13 171 104 68 34 100 156 181 60 80 26 
51 184 5 31 43 174 55 158 2 117 92 26 
51 15 96 180 66 169 176 186 71 195 92 26 
51 184 121 166 187 155 93 94 153 98 119 188 89 128 132 26 
51 184 5 171 23 162 34 126 57 16 193 25 200 152 26 
51 184 85 78 4 101 62 64 168 70 119 118 97 195 88 26 
51 184 121 166 76 104 171 23 162 59 188 2 103 139 26 
51 184 5 6 48 84 66 199 90 135 26 
51 184 5 48 191 180 34 68 46 149 117 140 137 190 128 92 26 
51 15 96 191 48 43 174 149 55 70 133 156 125 103 88 26 
51 184 121 166 187 36 55 158 153 156 140 103 81 26 
51 20 191 48 8 46 90 199 79 69 195 88 26 
51 20 191 48 68 34 100 156 125 103 86 26 
51 184 5 27 198 62 64 57 188 193 25 200 132 26 
51 184 121 166 187 43 53 95 162 114 186 97 195 92 26 
51 184 5 27 198 104 171 180 66 126 57 83 80 26 
51 20 191 48 68 153 127 119 188 60 135 26 
51 184 121 166 147 8 171 23 162 153 126 55 90 148 74 195 88 26 
51 184 5 48 87 94 153 176 89 90 80 26 
51 184 5 48 104 64 87 11 133 175 114 193 116 83 135 26 
51 15 13 171 104 64 141 177 117 132 26 
51 184 85 23 162 66 169 176 97 195 88 26 
51 184 85 78 46 149 163 90 199 156 186 71 38 92 26 
51 184 154 48 104 68 153 79 125 128 132 26 
51 184 5 182 48 161 180 34 158 193 97 195 33 26 
51 184 5 182 78 66 162 189 114 193 181 60 135 26 
51 184 85 78 4 55 70 153 189 114 186 71 38 92 26 
51 184 121 166 187 4 78 171 23 189 153 176 2 117 92 26 
51 184 5 7 49 62 64 87 11 59 188 60 80 26 
51 184 5 48 43 64 87 188 67 40 26 
51 184 5 6 48 84 153 126 46 149 163 90 199 156 97 195 88 26 
51 184 85 48 36 64 102 177 67 188 137 125 103 86 26 
51 184 5 6 48 191 23 189 153 158 46 149 90 199 79 186 97 195 33 26 
51 115 85 95 168 64 149 117 140 137 190 103 196 26 
51 184 121 166 187 174 8 171 180 66 156 164 103 92 26 
51 184 5 6 48 95 168 64 141 40 109 74 128 92 26 
51 184 85 78 4 101 1 141 67 116 71 195 92 26 
51 184 5 48 4 168 70 2 103 139 26 
51 184 5 7 48 191 180 34 11 46 149 24 60 195 92 26 
51 184 121 166 187 36 55 149 177 67 188 119 108 71 195 33 26 
51 184 121 166 76 104 171 180 34 70 55 148 135 196 26 
51 184 5 7 49 138 149 46 169 74 128 139 26 
51 184 121 166 147 8 171 180 153 158 46 149 163 90 199 156 186 71 195 33 26 
51 184 161 48 36 101 62 64 168 11 153 156 140 117 196 26 
51 184 5 27 198 138 149 55 158 153 176 89 90 80 26 
51 184 5 6 48 191 23 162 34 126 55 149 177 83 116 71 195 92 26 
51 184 161 23 189 153 158 46 67 135 26 
51 184 161 48 155 64 93 11 34 131 193 97 195 92 26 
51 184 5 7 43 78 84 66 126 57 140 200 132 26 
51 184 85 78 93 70 133 156 140 117 196 26 
51 15 124 161 78 46 149 117 89 74 128 92 26 
51 184 5 171 180 34 94 46 149 67 188 137 125 103 86 26 
51 184 161 48 36 174 149 46 158 153 156 125 103 92 26 
51 184 85 78 4 64 87 11 133 100 79 125 128 139 26 
51 184 5 48 191 180 153 176 140 117 92 26 
51 184 121 166 187 4 168 70 116 148 103 196 26 
51 184 121 166 187 4 87 46 149 117 128 159 26 
51 184 5 7 43 174 141 80 128 132 26 
51 184 121 166 61 198 104 126 66 100 156 140 63 86 26 
51 184 5 6 48 95 158 89 117 92 26 
51 184 85 48 36 101 62 64 168 181 119 25 200 132 26 
51 184 5 78 46 67 140 200 132 26 
51 184 5 27 178 32 64 90 2 128 139 26 
51 184 121 166 147 8 95 168 67 116 200 152 26 
51 184 5 182 78 95 168 35 137 125 103 86 26 
51 184 5 7 48 11 133 114 193 35 83 40 26 
51 184 5 171 23 189 153 68 46 149 117 140 195 33 26 
51 184 5 129 8 171 23 189 153 70 57 16 193 77 71 38 92 26 
51 184 121 166 147 8 171 11 55 149 163 90 199 156 186 71 38 92 26 
51 15 13 171 104 49 62 64 168 89 63 86 26 
51 184 5 182 198 62 163 63 128 152 26 
51 184 5 171 23 189 153 11 55 109 181 137 190 128 92 26 
51 184 5 182 78 66 100 79 140 117 139 26 
51 15 154 78 66 100 79 2 103 86 26 
51 184 121 166 187 4 8 68 59 188 148 80 26 
51 184 5 7 8 68 57 63 42 26 
51 184 85 48 36 46 199 90 42 26 
51 184 121 166 147 8 171 84 162 114 186 97 195 159 26 
51 184 5 48 155 174 55 11 133 156 140 103 81 26 
51 15 154 78 126 153 131 193 116 200 152 26 
51 184 5 182 48 161 23 162 153 126 55 149 177 67 103 86 26 
51 184 5 182 48 84 34 94 46 90 199 156 97 195 92 26 
51 184 121 166 147 8 171 180 66 70 55 90 199 156 186 71 38 92 26 
51 184 121 166 76 8 95 133 193 116 83 40 26 
51 184 121 166 56 198 104 171 180 34 106 109 135 132 26 
51 184 5 48 104 49 62 64 93 70 2 128 159 26 
51 184 5 7 8 171 95 168 67 116 193 108 71 195 33 26 
51 184 5 27 198 62 64 57 68 34 131 193 97 195 159 26 
51 15 72 171 23 162 153 106 67 135 26 
51 184 85 11 106 60 103 196 26 
51 184 5 48 93 70 133 156 125 128 139 26 
51 184 5 48 4 55 188 119 25 200 132 26 
51 184 85 78 168 64 149 117 89 74 195 88 26 
51 15 13 171 104 55 188 137 190 103 86 26 
51 15 72 48 87 55 60 74 128 88 26 
51 15 124 185 78 36 174 149 46 158 153 156 125 128 132 26 
51 184 121 166 187 174 8 46 90 2 125 103 196 26 
51 184 5 7 8 171 180 34 94 46 67 116 200 132 26 
51 15 96 191 48 43 64 55 11 59 188 109 103 159 26 
51 15 96 191 48 43 198 62 149 117 140 103 196 26 
51 184 121 166 187 4 78 126 55 149 163 90 199 74 128 139 26 
51 184 121 166 187 4 8 126 153 156 2 103 92 26 
51 184 121 166 187 43 53 84 34 126 16 193 97 195 33 26 
51 184 5 7 8 171 23 189 153 106 148 103 196 26 
51 184 121 166 76 104 171 23 162 153 126 55 149 117 140 103 132 26 
51 184 161 78 36 101 62 64 87 181 137 190 103 196 26 
51 184 121 166 147 8 171 180 66 70 55 149 117 140 200 152 26 
51 184 161 78 36 168 70 133 100 156 140 117 88 26 
51 184 5 27 155 48 85 23 189 153 106 148 117 196 26 
51 145 124 191 48 43 174 149 46 158 153 131 193 97 195 152 26 
51 184 5 48 36 101 9 149 55 70 133 156 69 195 92 26 
51 184 5 27 49 87 64 102 177 67 188 74 200 132 26 
51 15 154 23 189 133 70 2 103 132 26 
51 184 5 48 84 66 126 57 35 137 125 103 86 26 
51 184 5 7 4 87 70 153 131 193 181 60 135 26 
51 184 5 6 48 4 64 87 11 59 176 89 128 152 26 
51 136 180 84 153 106 109 80 26 
51 184 5 48 155 64 149 117 2 195 159 26 
51 184 5 27 155 48 84 153 94 46 149 163 90 199 74 128 139 26 
51 15 72 48 43 64 149 117 2 74 195 92 26 
51 184 191 48 36 101 9 149 55 148 188 119 25 200 132 26 
51 184 5 171 23 189 153 158 46 149 67 188 137 125 103 86 26 
51 15 154 78 4 101 102 90 199 79 186 71 38 92 26 
51 184 121 166 146 4 78 66 153 79 125 103 92 26 
51 184 85 78 4 46 94 153 176 89 117 132 26 
51 184 5 171 180 133 156 164 128 152 26 
51 184 5 171 180 34 94 46 149 163 63 38 92 26 
51 184 5 7 48 84 34 94 46 149 163 90 199 156 186 71 38 92 26 
51 184 5 27 198 62 64 87 11 133 100 156 140 195 132 26 
51 184 121 166 187 174 8 171 180 66 169 60 195 152 26 
51 184 5 6 48 191 23 189 153 176 140 63 139 26 
51 184 5 7 49 62 64 93 70 140 200 152 26 
51 184 5 27 155 87 55 148 74 195 92 26 
51 184 5 7 8 171 180 66 94 79 21 25 200 152 26 
51 184 85 78 4 46 126 153 189 114 193 116 195 159 26 
51 184 5 182 78 66 162 189 114 193 181 60 117 132 26 
51 184 5 48 84 66 181 109 80 26 
51 15 154 78 4 101 62 64 90 2 74 195 88 26 
51 184 121 166 45 101 1 149 55 148 103 159 26 
51 184 5 27 198 62 64 87 11 34 98 119 188 67 135 26 
51 15 72 48 87 11 34 131 193 97 195 88 26 
51 184 121 166 147 8 171 84 66 126 46 149 163 90 199 74 128 139 26 
51 184 121 166 76 43 53 84 66 126 46 149 163 90 199 74 195 88 26 
51 184 5 31 43 174 149 46 158 66 79 164 103 92 26 
51 184 5 48 93 70 66 176 199 90 42 26 
51 184 191 48 43 64 62 163 90 199 74 195 88 26 
51 184 5 78 168 70 133 175 114 21 25 200 152 26 
51 15 72 84 180 153 11 46 149 163 63 140 200 132 26 
51 15 13 191 48 43 46 149 80 128 152 26 
51 184 5 7 178 62 64 87 11 66 176 89 117 152 26 
51 136 191 48 8 93 181 137 190 103 132 26 
51 184 5 27 155 87 64 149 117 140 137 190 128 92 26 
51 15 124 84 34 100 156 181 60 80 26 
51 184 5 7 8 68 57 63 139 26 
51 184 121 166 147 8 171 23 189 153 126 46 149 117 140 190 103 196 26 
51 184 161 48 4 101 62 64 168 11 34 98 119 188 67 135 26 
51 184 121 166 76 104 11 133 114 193 35 83 139 26 
51 184 5 7 104 11 133 100 79 140 117 86 26 
51 184 5 48 155 101 1 141 67 188 119 77 71 38 92 26 
51 15 13 171 104 130 46 11 34 131 193 181 60 103 30 26 
51 184 5 129 8 171 180 34 11 46 149 177 67 188 137 190 103 132 26 
51 184 5 48 43 168 35 176 71 195 92 26 
51 184 5 6 48 191 180 153 176 140 63 139 26 
51 184 85 48 36 46 149 67 128 92 26 
51 184 5 182 48 84 162 114 193 16 128 33 26 
51 184 5 7 49 62 64 87 11 133 100 156 140 117 152 26 
51 184 5 91 48 84 162 59 126 46 67 164 103 196 26 
51 184 121 166 187 49 32 64 149 67 188 137 190 128 92 26 
51 184 121 166 45 198 62 64 168 11 59 176 89 128 152 26 
51 115 191 48 43 174 149 46 158 59 188 140 103 196 26 
51 15 13 171 104 64 168 70 116 83 139 26 
51 184 5 182 78 161 180 153 176 89 128 152 26 
51 145 124 185 48 43 174 149 46 158 153 176 89 117 86 26 
51 184 5 171 23 162 153 126 55 149 177 67 116 195 159 26 
51 15 96 191 48 4 55 68 153 176 89 90 80 26 
51 184 5 78 46 67 164 128 88 26 
51 184 5 7 8 171 180 66 70 55 149 117 89 74 195 88 26 
51 15 124 84 34 94 46 90 199 74 195 88 26 
51 184 5 6 48 191 180 34 94 79 186 97 195 33 26 
51 184 5 48 104 55 70 66 79 140 103 196 26 
51 184 5 7 36 101 9 141 64 90 40 26 
51 184 5 27 178 32 11 133 100 156 140 195 92 26 
51 184 161 48 32 70 133 175 194 44 156 69 195 88 26 
51 184 121 166 187 43 53 161 23 189 153 176 125 103 196 26 
51 184 161 23 189 153 126 57 90 42 26 
51 184 5 48 155 101 1 149 55 148 117 132 26 
51 15 72 171 104 198 62 64 55 11 133 193 116 83 103 196 26 
51 15 72 171 180 153 11 46 67 199 74 195 92 26 
51 15 96 191 48 43 46 90 2 74 195 33 26 
51 145 124 84 66 94 57 2 156 21 25 200 132 26 
51 184 5 91 36 64 87 11 34 131 193 16 128 88 26 
51 184 85 78 4 101 62 64 168 11 59 176 89 63 139 26 
51 184 5 171 23 162 153 126 55 67 188 193 25 200 132 26 
51 184 5 27 198 138 18 149 67 188 193 108 71 195 33 26 
51 184 5 7 49 174 55 199 74 195 88 26 
51 184 121 166 147 8 11 126 60 103 30 26 
51 184 85 23 189 153 176 2 117 132 26 
51 184 121 166 147 8 95 59 98 119 188 164 128 139 26 
51 184 5 7 8 87 64 90 199 156 137 190 103 81 26 
51 184 5 48 84 153 158 168 67 188 119 25 200 132 26 
51 184 5 7 4 78 168 64 149 117 89 74 195 88 26 
51 184 5 7 178 62 64 87 11 59 79 116 128 139 26 
51 184 161 78 36 174 55 11 59 79 140 103 81 26 
51 184 121 166 187 4 78 161 23 189 153 181 109 80 26 
51 184 161 78 36 64 55 70 181 89 128 159 26 
51 184 5 6 48 95 168 64 102 42 117 140 156 97 195 159 26 
51 184 5 182 48 161 23 189 153 158 46 90 40 26 
51 15 124 185 78 36 64 149 67 188 119 25 200 132 26 
51 184 161 11 55 60 80 26 
51 184 121 166 147 8 171 180 133 70 55 149 18 80 128 152 26 
51 184 85 78 4 93 70 153 100 156 140 63 86 26 
51 184 121 166 187 174 8 46 149 67 188 74 128 33 26 
51 184 85 11 55 149 117 140 200 152 26 
51 15 13 171 87 94 153 79 125 103 92 26 
51 184 5 48 43 64 55 70 140 117 92 26 
51 184 121 166 76 104 171 180 66 70 55 149 80 128 159 26 
51 184 5 7 48 11 59 79 140 103 81 26 
51 184 85 78 66 176 199 90 40 26 
51 15 72 48 93 46 90 42 26 
51 184 121 166 147 104 171 66 126 60 195 152 26 
51 184 161 78 36 55 149 117 60 74 195 132 26 
51 184 121 166 187 174 8 171 84 66 126 46 90 199 156 97 195 92 26 
51 184 85 48 36 174 141 40 148 35 137 190 103 196 26 
51 184 85 11 133 131 193 74 195 92 26 
51 184 85 11 55 60 74 128 139 26 
51 184 5 171 180 66 68 46 149 10 24 67 116 200 132 26 
51 184 5 7 48 95 168 64 90 40 26 
51 184 121 166 187 43 53 84 133 70 87 64 141 80 128 152 26 
51 15 96 191 48 43 174 149 46 158 59 188 109 135 26 
51 184 5 6 48 4 168 106 60 80 26 
51 184 85 78 4 174 55 158 153 131 193 181 60 135 26 
51 184 161 48 36 101 1 102 63 2 79 186 69 195 88 26 
51 15 72 48 36 101 102 90 80 26 
51 15 13 171 104 49 62 64 168 11 133 119 188 67 128 132 26 
51 184 5 7 48 84 34 98 119 74 195 132 26 
51 184 85 78 4 174 55 158 153 176 89 90 80 26 
51 15 154 78 4 64 55 11 59 176 140 195 159 26 
51 184 191 48 43 174 149 46 158 59 188 109 80 26 
51 184 5 27 178 32 64 62 82 90 2 176 97 195 92 26 
51 184 5 182 78 66 153 79 140 117 81 26 
51 184 85 48 93 64 141 82 117 140 200 152 26 
51 15 124 84 34 98 119 188 74 128 92 26 
51 184 5 182 49 55 158 59 188 109 103 196 26 
51 184 161 23 189 153 68 46 67 188 119 25 200 132 26 
51 184 5 6 48 11 46 149 80 60 74 128 92 26 
51 184 5 7 178 62 64 46 89 176 97 195 92 26 
51 184 5 7 43 78 84 133 173 193 116 195 92 26 
51 184 5 91 36 174 149 55 70 193 77 69 195 33 26 
51 184 5 48 43 46 149 18 80 60 164 103 196 26 
51 115 191 48 43 174 149 46 158 16 83 139 26 
51 184 5 48 155 101 1 149 55 70 116 148 135 26 
51 184 121 166 147 8 68 66 131 193 116 83 135 26 
51 184 121 166 76 104 171 180 66 169 83 139 26 
51 15 72 48 36 101 102 82 90 199 156 186 97 195 33 26 
51 184 85 78 93 70 153 176 89 117 92 26 
51 184 5 27 198 104 171 23 162 153 126 55 149 117 140 79 186 97 195 33 26 
51 15 72 48 43 174 55 148 74 195 92 26 
51 184 191 48 43 64 46 11 34 98 119 188 67 135 26 
51 184 121 166 45 198 62 64 57 68 34 98 119 188 67 135 26 
51 184 121 166 76 104 171 23 189 153 176 2 117 80 26 
51 184 5 48 95 168 16 193 97 195 33 26 
51 20 191 95 153 100 79 125 128 92 26 
51 184 5 171 180 34 106 164 128 139 26 
51 184 5 91 36 64 57 35 137 125 103 86 26 
51 184 85 78 4 101 62 64 55 188 119 113 69 195 33 26 
51 184 5 48 36 101 9 149 55 16 193 108 71 195 33 26 
51 184 121 166 76 8 87 64 90 42 26 
51 184 5 171 23 162 66 156 140 103 139 26 
51 15 124 161 11 55 149 18 24 60 35 137 190 103 86 26 
51 184 121 166 187 101 9 149 55 188 119 25 200 132 26 
51 15 96 191 171 104 126 181 60 103 196 26 
51 15 13 171 104 68 59 188 109 80 26 
51 184 85 95 34 98 114 193 74 195 88 26 
51 184 121 166 147 8 171 23 189 153 176 89 90 80 26 
51 184 5 7 49 138 102 64 93 11 59 188 109 103 196 26 
51 184 85 78 32 70 153 98 119 137 190 128 92 26 
51 184 5 171 23 189 153 126 109 135 26 
51 15 124 161 78 168 94 59 176 89 117 152 26 
51 184 5 182 78 84 66 126 140 103 196 26 
51 184 5 129 8 171 23 189 153 176 89 128 152 26 
51 15 13 171 32 70 133 119 74 128 139 26 
51 15 72 48 43 49 62 64 168 70 176 181 148 103 30 26 
51 184 5 182 198 62 64 93 11 34 98 119 188 164 128 139 26 
51 184 5 7 8 11 55 67 40 26 
51 136 191 48 93 57 90 80 26 
51 184 121 166 187 49 55 70 153 176 89 63 139 26 
51 15 96 191 48 36 101 102 64 168 11 133 119 156 140 103 196 26 
51 15 96 191 48 43 64 141 80 60 35 74 200 132 26 
51 184 5 31 43 198 138 149 55 70 66 79 164 128 139 26 
51 145 124 84 153 94 46 67 188 193 77 69 195 33 26 
51 184 121 166 76 101 1 149 55 70 109 80 26 
51 184 5 182 49 55 158 153 189 114 193 116 128 139 26 
51 15 72 171 180 153 126 57 63 86 26 
51 15 154 78 126 153 189 114 193 181 60 135 26 
51 184 85 78 4 174 149 46 158 153 79 116 195 92 26 
51 184 5 182 78 66 59 176 89 117 152 26 
51 184 121 166 187 43 53 95 153 131 193 116 83 139 26 
51 184 5 6 48 4 101 62 64 87 11 133 119 156 164 128 152 26 
51 184 121 166 187 36 48 95 168 67 116 193 108 97 195 92 26 
51 15 124 84 11 55 149 63 128 92 26 
51 184 121 166 187 43 53 161 23 162 34 126 55 67 116 200 132 26 
51 184 5 91 36 64 168 11 133 100 79 69 195 92 26 
51 184 121 166 187 4 78 161 180 34 126 169 176 186 71 195 92 26 
51 184 5 7 8 126 59 176 2 117 40 26 
51 15 72 48 36 64 102 63 2 103 159 26 
51 184 121 166 187 4 78 68 153 79 69 195 88 26 
51 184 5 7 178 138 141 67 128 159 26 
51 184 121 166 76 104 171 23 162 100 79 2 103 132 26 
51 184 5 6 48 191 23 189 153 126 57 83 80 26 
51 145 124 191 48 43 46 11 133 156 2 117 139 26 
51 115 85 78 4 101 62 64 93 11 59 79 140 103 81 26 
51 184 121 166 76 8 95 133 114 186 71 38 92 26 
51 15 124 161 78 168 64 141 177 67 106 193 108 97 195 92 26 
51 184 5 48 84 66 126 46 149 163 63 128 152 26 
51 184 5 182 48 161 180 153 188 109 80 26 
51 184 154 48 8 174 149 55 188 67 40 26 
51 184 5 7 48 68 153 79 125 103 92 26 
51 184 121 166 147 8 171 84 162 114 193 116 83 139 26 
51 184 85 48 36 46 68 59 188 140 103 86 26 
51 184 161 11 153 189 114 186 71 38 92 26 
51 15 13 171 104 198 62 64 57 116 74 195 132 26 
51 184 5 7 36 78 95 126 35 137 190 103 86 26 
51 184 5 182 48 84 34 94 57 83 135 26 
51 184 191 48 43 32 70 133 156 140 117 86 26 
51 184 121 166 147 8 171 84 162 100 156 140 60 80 26 
51 184 5 48 191 23 162 153 126 55 67 140 195 132 26 
51 184 5 7 178 138 149 55 188 156 186 71 195 33 26 
51 184 5 129 8 171 180 34 11 55 149 117 140 128 152 26 
51 15 124 84 34 126 109 40 26 
51 184 161 78 36 101 62 64 55 188 137 190 103 196 26 
51 184 121 166 147 8 171 66 170 114 193 16 128 33 26 
51 184 85 11 55 90 2 156 97 195 92 26 
51 184 121 166 187 174 8 78 66 79 2 63 139 26 
51 184 5 78 46 149 18 82 90 89 74 195 88 26 
51 184 191 84 153 126 169 74 195 88 26 
51 184 5 182 48 84 34 100 79 140 117 152 26 
51 184 85 78 4 64 55 11 133 156 97 195 88 26 
51 15 72 48 32 64 141 177 67 35 137 190 103 86 26 
51 184 5 27 198 62 64 93 181 109 117 132 26 
51 184 5 7 8 68 34 100 156 140 60 80 26 
51 15 96 191 48 4 55 70 153 100 79 125 103 86 26 
51 115 185 48 155 101 1 149 55 70 153 79 69 195 88 26 
51 184 121 166 147 174 102 12 135 26 
51 184 5 31 43 198 101 9 149 55 11 133 156 97 195 92 26 
51 184 5 7 43 78 84 66 106 193 71 38 152 26 
51 184 121 166 187 36 78 168 55 90 2 156 186 97 195 33 26 
51 145 124 185 78 168 46 67 199 74 128 159 26 
51 15 72 48 43 174 149 46 158 153 189 114 193 116 128 132 26 
51 184 5 7 8 95 133 131 193 35 83 40 26 
51 15 96 191 48 43 46 149 63 2 195 33 26 
51 184 191 48 68 57 16 193 118 69 195 159 26 
51 15 72 48 4 168 70 140 117 42 26 
51 184 5 27 49 87 64 141 80 60 35 137 190 103 86 26 
51 184 161 48 36 46 126 153 176 89 128 92 26 
51 184 5 129 49 138 149 55 70 153 176 89 90 80 26 
51 184 121 166 187 174 8 171 180 133 70 109 40 26 
51 15 72 48 36 101 102 64 93 11 34 156 125 195 33 26 
51 184 5 129 8 95 162 100 186 71 195 92 26 
51 184 161 78 46 90 80 26 
51 184 5 7 43 174 141 63 2 79 186 71 38 92 26 
51 184 5 7 8 11 133 156 2 103 86 26 
51 184 5 78 46 149 18 80 60 16 193 97 195 92 26 
51 184 5 171 66 199 79 69 195 88 26 
51 15 13 23 189 153 126 57 116 193 77 71 38 92 26 
51 184 5 7 8 171 84 66 126 168 60 74 128 139 26 
51 184 5 27 155 48 85 180 133 70 93 64 141 63 140 137 164 103 196 26 
51 184 121 166 76 104 171 180 131 44 176 2 117 92 26 
51 184 85 23 189 133 156 125 103 81 26 
51 184 5 48 155 101 1 149 55 188 137 190 103 132 26 
51 184 121 166 187 4 87 70 116 109 117 152 26 
51 15 72 48 36 64 57 35 137 190 103 196 26 
51 184 5 6 48 4 64 46 11 133 100 79 181 60 80 26 
51 15 72 48 36 46 68 153 98 119 25 200 152 26 
51 184 5 7 8 95 158 55 149 63 38 152 26 
51 184 161 48 4 64 55 11 59 79 125 103 86 26 
51 15 13 171 104 130 46 199 90 42 26 
51 184 5 27 155 48 191 23 162 34 188 67 103 81 26 
51 184 121 166 147 8 11 55 149 67 164 103 92 26 
51 184 121 166 147 104 126 116 195 92 26 
51 184 5 182 78 66 173 193 16 128 88 26 
51 184 191 48 68 153 173 193 116 60 80 26 
51 15 124 84 34 106 67 135 26 
51 15 124 191 48 36 55 70 133 156 2 103 132 26 
51 184 191 48 36 101 102 64 168 70 140 195 88 26 
51 184 5 27 198 104 171 11 55 149 163 63 140 195 159 26 
51 184 161 180 153 11 55 90 80 26 
51 184 121 166 187 36 55 149 63 38 92 26 
51 184 5 91 36 101 102 177 67 188 74 195 92 26 
51 184 121 166 147 8 171 23 189 100 156 2 117 139 26 
51 184 121 166 45 101 1 149 55 70 133 119 188 67 135 26 
51 15 72 48 155 198 62 64 93 11 59 176 89 117 132 26 
51 184 85 48 36 64 55 11 66 176 89 90 42 26 
51 184 121 166 147 104 171 23 162 66 126 55 148 40 26 
51 184 5 7 49 138 149 55 158 153 176 89 117 152 26 
51 184 121 166 147 8 171 84 66 126 46 149 117 140 200 152 26 
51 184 5 7 4 78 84 23 189 153 158 46 90 2 195 92 26 
51 136 180 171 68 55 90 148 128 139 26 
51 15 72 84 23 162 34 126 55 149 163 117 196 26 
51 20 191 48 104 68 66 79 140 103 196 26 
51 184 5 48 84 153 98 114 186 71 38 92 26 
51 184 5 6 48 4 174 149 46 158 153 176 89 117 152 26 
51 184 5 7 104 171 180 66 181 109 135 132 26 
51 184 5 27 198 62 64 93 11 66 176 89 117 132 26 
51 184 5 129 8 171 180 34 158 57 35 137 190 103 139 26 
51 184 5 7 43 78 84 66 126 57 140 176 21 25 200 152 26 
51 184 5 182 130 174 149 46 158 153 156 140 103 33 26 
51 184 121 166 147 8 95 133 98 114 193 97 195 92 26 
51 184 5 27 155 48 85 180 153 158 46 149 177 67 2 128 92 26 
51 15 154 78 4 174 149 46 89 164 103 132 26 
51 184 121 166 147 8 171 84 133 131 193 71 195 159 26 
51 184 5 6 48 8 55 149 80 60 116 195 132 26 
51 184 5 27 155 48 84 153 94 57 63 80 26 
51 184 5 91 48 191 180 34 70 55 90 135 26 
51 15 72 48 4 55 70 66 176 89 117 132 26 
51 15 13 171 104 174 149 55 70 140 103 86 26 
51 184 5 48 104 55 70 34 100 156 116 195 159 26 
51 184 5 7 8 55 67 38 152 26 
51 184 5 182 78 68 55 60 74 128 139 26 
51 184 5 48 43 46 90 199 156 186 97 195 33 26 
51 184 5 78 46 149 117 140 137 190 128 92 26 
51 184 5 129 8 171 23 189 153 68 35 128 139 26 
51 184 5 7 8 171 180 34 70 55 90 80 26 
51 184 121 166 147 8 95 87 64 90 80 26 
51 184 191 95 168 67 116 195 88 26 
51 184 5 7 8 171 23 162 34 126 55 89 176 97 195 33 26 
51 184 5 7 49 101 9 149 46 89 176 186 71 38 92 26 
51 15 72 48 93 11 133 175 114 193 71 195 92 26 
51 184 5 27 198 104 171 23 162 153 126 55 149 117 89 74 195 88 26 
51 184 85 48 155 64 93 70 193 77 97 195 88 26 
51 184 5 171 180 189 114 193 116 83 139 26 
51 184 121 166 187 4 93 11 153 98 119 74 195 132 26 
51 184 5 6 48 4 174 149 55 70 133 100 156 140 60 80 26 
51 184 5 7 49 62 149 55 11 133 175 114 193 116 83 139 26 
51 184 121 166 61 49 55 90 2 79 69 195 33 26 
51 184 191 48 36 55 149 67 188 137 125 103 86 26 
51 184 85 78 4 64 102 63 140 200 152 26 
51 184 5 7 8 171 84 153 106 109 103 30 26 
51 184 161 48 36 174 149 55 70 133 119 181 148 40 26 
51 184 5 7 8 95 59 79 140 103 33 26 
51 184 5 7 48 11 46 149 18 80 109 116 137 190 103 86 26 
51 184 5 182 49 62 163 117 152 26 
51 184 121 166 187 174 8 95 32 64 141 63 140 79 97 195 159 26 
51 184 5 48 43 55 70 153 131 193 71 195 132 26 
51 184 121 166 147 36 55 149 18 177 67 35 176 97 195 159 26 
51 15 96 191 48 43 174 102 52 63 2 103 86 26 
51 184 191 48 36 101 9 149 55 70 59 188 164 128 152 26 
51 184 5 7 178 8 95 162 100 79 2 103 81 26 
51 184 5 182 49 62 64 93 11 34 131 193 116 195 92 26 
51 15 124 161 11 55 90 148 74 195 88 26 
51 15 72 171 23 162 153 126 148 80 26 
51 184 191 171 66 173 193 97 195 92 26 
51 184 121 166 187 174 8 171 95 168 64 90 2 156 137 190 128 152 26 
51 184 5 91 36 174 149 46 158 153 156 116 38 92 26 
51 184 5 182 48 68 46 90 199 79 44 25 200 132 26 
51 184 5 6 48 84 162 100 156 2 103 30 26 
51 184 85 78 4 55 70 133 119 176 164 103 86 26 
51 184 5 7 43 87 64 62 82 117 103 159 26 
51 184 121 166 187 174 8 171 84 66 158 79 186 69 195 88 26 
51 184 5 6 48 191 180 34 158 193 97 195 159 26 
51 184 121 166 147 8 171 84 66 126 55 109 181 176 71 195 88 26 
51 184 161 78 36 101 1 141 67 128 132 26 
51 184 5 48 104 46 149 80 60 164 128 139 26 
51 184 5 91 48 84 66 126 57 116 200 152 26 
51 15 124 84 34 70 193 97 195 88 26 
51 184 5 171 180 153 158 57 83 139 26 
51 145 124 191 48 43 64 55 106 193 108 69 195 33 26 
51 184 5 6 48 84 34 188 67 103 196 26 
51 184 121 166 76 8 68 153 100 156 140 117 92 26 
51 184 5 7 178 62 64 57 89 74 128 92 26 
51 184 5 7 8 171 23 162 153 126 55 149 177 67 103 196 26 
51 184 121 166 76 104 171 180 162 34 126 89 176 97 195 88 26 
51 184 121 166 147 8 171 66 188 67 103 159 26 
51 184 5 27 155 48 84 153 94 46 90 80 26 
51 15 96 191 48 43 174 149 55 70 133 100 156 125 103 88 26 
51 15 13 84 153 126 46 149 177 83 116 200 152 26 
51 184 85 78 4 64 102 177 67 188 119 113 97 195 88 26 
51 184 5 129 48 191 180 34 158 89 128 139 26 
51 184 5 7 49 62 64 93 199 90 42 26 
