6247 5385 1255 1730 3384 1101 4733 2643 1484 999 5841 1709 1340 6092 3125 671 187 
6247 5385 2072 3741 1641 4419 5581 2795 6740 4606 2620 3748 6591 187 
6247 6551 3703 4182 4966 4666 3505 6270 2902 152 4158 35 1709 1340 6092 3125 671 187 
6247 6551 2037 5683 399 2849 3233 2929 5423 2562 3244 6092 3125 671 187 
6247 5385 1255 1730 4212 3446 3940 1081 2726 1566 2313 5179 2780 1709 1340 6092 3125 671 187 
6247 1778 1857 4631 6280 4193 6476 3629 1970 6740 4606 2620 3748 6591 187 
6247 6551 3703 2037 5683 3596 5581 2795 6740 4606 2620 3748 6591 187 
6247 5385 1255 1730 3446 3940 1081 2726 1566 3496 5179 2780 1709 1340 6092 3125 671 187 
6247 6551 1696 2857 5638 6389 4743 1970 6740 4606 2620 3748 6591 187 
6247 5385 2072 3741 1641 5281 521 822 5581 2795 6740 4606 2620 3748 6591 187 
6247 5385 1255 1730 3446 6700 5013 3364 525 4153 1281 3649 1367 2106 2488 3125 671 187 
6247 6551 3703 59 2895 5672 1687 4544 615 2237 554 5314 3629 1970 6740 4606 2620 3748 6591 187 
6247 626 1778 4631 6280 4193 6476 3629 1970 6740 4606 2620 3748 6591 187 
6247 626 3469 2974 2681 2291 6431 1102 1777 2069 625 6550 5384 1254 6092 3125 671 187 
6247 5385 4899 3741 1641 3596 5581 2795 6740 4606 2620 3748 6591 187 
6247 6551 4899 3741 1641 4419 1264 2414 152 2610 1452 5384 1254 6092 3125 671 187 
6247 5385 1255 1730 5672 1687 2162 4647 2237 554 6476 3629 1970 6740 4606 2620 3748 6591 187 
6247 6551 3703 6464 3992 4743 1970 6740 4606 4314 2620 3748 6591 187 
6247 5385 2072 3741 1641 4419 5581 2795 6740 4606 4314 2620 3748 6591 187 
6247 5385 1255 1730 2895 5672 328 410 788 4910 3219 5694 71 4826 1970 6740 4606 2620 3748 6591 187 
6247 5385 1255 6500 2512 1467 3940 1081 2726 4527 5205 2338 2420 4716 3060 1367 2106 2488 3125 2335 671 187 
6247 626 3469 2974 5454 2600 3233 2929 5423 2562 3244 6092 3125 671 187 
6247 5385 2072 2561 4222 1928 2692 6625 6324 1484 999 5841 1709 1340 6092 3125 671 187 
6247 6551 3703 1217 847 5604 5684 4037 2859 3552 5092 2795 6740 4606 2620 3748 6591 187 
6247 5385 1255 1730 2512 4319 3940 1081 2726 4527 5205 2338 2420 4716 3060 1367 2106 2488 3125 2335 671 187 
6247 6551 3703 6464 3992 4743 1970 6740 4606 2620 3748 6591 187 
6247 6551 4899 3741 1641 4419 5581 2795 6740 4606 2620 3748 6591 187 
6247 5385 1255 1341 3812 6572 6083 2929 5423 2562 5037 6685 2106 2488 3125 671 187 
6247 626 3469 1812 2974 2681 2291 6431 1102 1777 625 6550 5384 1254 6092 3125 671 187 
6247 5385 1255 6500 399 2849 14 4770 4958 202 918 5037 6685 2106 2488 3125 671 187 
6247 6551 3703 4182 4966 4666 3505 6270 2902 5766 999 5841 1709 1340 6092 3125 671 187 
6247 6551 4899 3741 3430 6203 5866 6625 6324 1484 999 5841 1709 1340 6092 3125 671 187 
6247 5385 1255 1730 4212 2207 6345 6729 4642 1865 4158 35 1709 1340 6092 3125 671 187 
6247 5385 4899 2037 5683 3596 5581 2795 6740 4606 2620 3748 6591 187 
6247 5385 1255 1730 4212 5892 6272 2779 705 1484 999 5841 1709 1340 6092 3125 671 187 
6247 5385 1255 1730 5672 1687 2162 4647 2237 554 71 2047 1970 6740 4606 2620 3748 6591 187 
6247 5385 4899 2037 5683 399 2849 3233 2929 5423 2562 5037 6685 2106 2488 3125 671 187 
6247 6551 3703 4899 3741 1641 4419 5581 2795 6740 4606 2620 3748 6591 187 
6247 6551 4899 2037 5683 3596 5581 2795 6740 4606 2620 3748 6591 187 
6247 6551 2037 5683 399 2849 3233 2929 5423 2562 5037 6685 2106 2488 3125 671 187 
6247 626 3469 2974 2681 2291 6431 1102 1777 625 6550 5384 1254 6092 3125 671 187 
6247 5385 1255 1730 3446 3940 1081 2726 1566 2313 5179 2780 1709 1340 1254 6092 3125 671 187 
6247 6551 1696 2857 5638 6389 3629 1970 6740 4606 2620 3748 6591 187 
6247 5385 4899 3741 3430 6203 5866 6625 6324 1484 999 5841 1709 1340 6092 3125 671 187 
6247 5385 4899 2037 888 2819 5303 5684 4037 2859 1160 5092 2795 6740 4606 2620 3748 6591 187 
6247 5385 4899 3741 1641 4419 1264 2414 152 2610 1452 5384 1254 6092 3125 671 187 
6247 5385 2072 3741 1641 3596 5581 2795 6740 4606 2620 3748 6591 187 
6247 5385 1255 1341 3812 6572 6083 2929 5423 2562 5037 6685 4980 2488 3125 671 187 
6247 6551 3703 59 2895 6154 1687 4544 615 2237 554 6476 3629 1970 6740 4606 2620 3748 6591 187 
6247 5385 4899 3703 6464 3992 4743 1970 6740 4606 2620 3748 6591 187 
6247 626 3469 2974 5454 2600 3233 2929 5423 2562 5037 1367 2106 2488 3125 671 187 
6247 6551 3703 59 2512 4319 3940 1081 2726 4527 5205 2338 2420 4716 3060 1367 2106 2488 3125 2335 671 187 
6247 5385 1255 1730 4212 5374 614 4733 2643 1484 999 5841 1709 1340 6092 3125 671 187 
6247 5385 1255 1730 5672 6428 3278 521 822 5581 2795 6740 4606 2620 3748 6591 187 
6247 5385 1255 1730 2512 1467 3940 1081 2726 4527 5205 2338 2420 4716 3060 1367 2106 2488 3125 2335 671 187 
6247 5385 1255 1730 2895 6154 1687 4544 615 2237 554 71 4826 1970 6740 4606 2620 3748 6591 187 
6247 6551 3703 59 2895 5672 1687 4544 615 2237 554 71 4826 1970 6740 4606 2620 3748 6591 187 
6247 6551 3703 59 3992 4743 1970 6740 4606 2620 3748 6591 187 
6247 6551 4899 3741 1641 5281 521 822 5581 2795 6740 4606 2620 3748 6591 187 
6247 5385 4899 3741 1641 5281 6345 6729 4642 1865 4158 35 1709 1340 6092 3125 671 187 
6247 6551 2037 5683 3596 5581 2795 6740 4606 2620 3748 6591 187 
6247 626 3469 2974 2681 2291 6431 1102 1777 625 6550 5384 1254 6092 3125 2335 671 187 
6247 1778 106 2857 5638 6389 4743 1970 6740 4606 2620 3748 6591 187 
6247 5385 4899 2037 5683 2819 5303 5684 4037 2859 3552 5092 2795 6740 4606 2620 3748 6591 187 
6247 5385 1255 1730 3446 3940 1081 2726 1566 2313 5179 2780 1709 1340 6092 3125 671 187 
6247 5385 6551 4899 3741 1641 4419 5581 2795 6740 4606 2620 3748 6591 187 
6247 6551 3703 6464 1135 5980 5604 5684 4037 2859 3552 5092 2795 6740 4606 2620 3748 6591 187 
6247 6551 4899 2037 5683 399 2849 3233 2929 5423 2562 5037 1367 2106 2488 3125 671 187 
6247 5385 1255 1730 3384 1101 1960 4733 2643 1484 999 5841 1709 1340 6092 3125 671 187 
6247 5385 2072 3741 1641 4419 5581 2795 3976 6740 4606 2620 3748 6591 187 
6247 5385 4899 2037 5683 2819 5303 5684 4037 2859 1160 5092 2795 6740 4606 2620 3748 6591 187 
6247 626 3469 2974 2681 2291 6431 1102 1777 4630 512 3811 1340 6092 3125 671 187 
6247 5385 1255 1730 3384 6719 2779 705 1484 999 5841 1709 1340 6092 3125 671 187 
6247 5385 1255 1730 3384 1101 1855 705 1484 999 5841 1709 1340 6092 3125 671 187 
6247 5385 1255 1730 2895 5672 328 410 5548 4910 3219 5694 71 4826 1970 6740 4606 2620 3748 6591 187 
6247 6551 3703 6464 3992 1885 4743 1970 6740 4606 2620 3748 6591 187 
6247 6551 2037 888 2819 5303 5684 4037 2859 1160 5092 2795 6740 4606 2620 3748 6591 187 
6247 5385 4899 3741 1641 4419 5581 5659 2795 6740 4606 2620 3748 6591 187 
6247 626 3469 2974 5454 2600 3233 2929 5423 2562 5037 6685 2106 2488 3125 671 187 
6247 5385 4899 2037 888 2819 5303 5684 4037 2859 3552 5092 2795 6740 4606 2620 3748 6591 187 
6247 5385 4899 3741 1641 4419 1264 2414 152 4158 35 1709 1340 6092 3125 671 187 
6247 5385 1255 1730 2895 5672 6428 6130 6215 5350 4862 2005 6141 4463 2795 6740 4606 2620 3748 6591 187 
6247 1778 4631 6280 4193 6476 3629 1970 6740 4606 2620 3748 6591 187 
6247 6551 3703 6464 1135 5980 5604 5684 4037 2859 1160 5092 2795 6740 4606 2620 3748 6591 187 
6247 6551 3703 59 5683 3596 5581 2795 6740 4606 2620 3748 6591 187 
6247 5385 1255 6500 399 2849 3233 2929 5423 2562 3244 6092 3125 671 187 
6247 5385 1255 1730 5672 1687 2162 4647 2237 554 71 4826 1970 6740 4606 2620 3748 6591 187 
6247 6551 3703 59 2512 1467 3940 1081 2726 4527 5205 2338 2420 4716 3060 1367 2106 2488 3125 2335 671 187 
6247 5385 4899 3741 5683 2819 5303 5684 4037 2859 1160 5092 2795 6740 4606 2620 3748 6591 187 
6247 6551 4899 3741 1641 4419 5581 5659 2795 6740 4606 2620 3748 6591 187 
6247 5385 4899 3741 1641 5281 521 822 5581 2795 6740 4606 2620 3748 6591 187 
6247 5385 1255 1341 3812 6572 6083 2929 5423 2562 3244 6092 3125 671 187 
6247 6551 4899 3741 1641 5281 6345 6729 4642 1865 4158 35 1709 1340 6092 3125 671 187 
6247 5385 4899 3741 1641 4419 5581 2795 6740 4606 2620 3748 6591 187 
6247 5385 1255 1730 3446 3940 2758 4427 1566 2313 5179 2780 1709 1340 6092 3125 671 187 
6247 5385 6551 3703 59 2895 5672 1687 4544 615 2237 554 6476 3629 1970 6740 4606 2620 3748 6591 187 
6247 1778 106 2857 5638 6389 3629 1970 6740 4606 2620 3748 6591 187 
6247 6551 3703 1217 847 5604 5684 4037 2859 1160 5092 2795 6740 4606 2620 3748 6591 187 
6247 5385 1255 6500 399 2849 3233 2929 5423 2562 5037 1367 2106 2488 3125 671 187 
6247 5385 4899 2037 5683 399 2849 3233 2929 5423 2562 5037 1367 2106 2488 3125 671 187 
6247 5385 6551 3703 6464 3992 4743 1970 6740 4606 2620 3748 6591 187 
6247 6551 3703 59 2895 6154 1687 4544 615 2237 554 71 4826 1970 6740 4606 2620 3748 6591 187 
6247 5385 6551 4899 3741 1641 5281 521 822 5581 2795 6740 4606 2620 3748 6591 187 
6247 6551 2037 5683 399 2849 3233 2929 5423 2562 5037 1367 2106 2488 3125 671 187 
6247 5385 1255 1341 3812 1332 6083 2929 5423 2562 5037 1367 2106 2488 3125 671 187 
6247 5385 1255 1730 3384 1101 1855 6324 1484 999 5841 1709 1340 6092 3125 671 187 
6247 5385 2072 3741 1641 4419 1264 2414 152 2610 1452 5384 1254 6092 3125 671 187 
6247 5385 4899 3741 5683 3596 5581 2795 6740 4606 2620 3748 6591 187 
6247 5385 1255 1730 5672 1687 4544 615 2237 554 71 4826 1970 6740 4606 2620 3748 6591 187 
6247 626 3469 2974 5454 2600 3233 2929 5423 2562 5037 6685 4980 2488 3125 671 187 
6247 5385 2072 2561 485 4419 5581 2795 6740 4606 2620 3748 6591 187 
6247 5385 2072 3741 5683 3596 5581 2795 6740 4606 2620 3748 6591 187 
6247 5385 1255 6500 399 2849 3233 2929 5423 2562 5037 6685 2106 2488 3125 671 187 
6247 1778 4631 513 3812 6572 6083 2929 5423 2562 3244 6092 3125 671 187 
6247 5385 1255 1341 3812 6572 6083 2929 5423 2562 5037 1367 2106 2488 3125 671 187 
6247 6551 1696 6464 3992 4743 1970 6740 4606 2620 3748 6591 187 
6247 6551 3703 4182 4966 4666 3505 6270 2902 152 2610 1452 5384 1254 6092 3125 671 187 
6247 5385 1255 1341 3812 1332 6083 2929 5423 2562 3244 6092 3125 671 187 
6247 6551 3703 59 2895 5672 1687 4544 615 2237 554 6476 3629 1970 6740 4606 2620 3748 6591 187 
6247 5385 1255 1730 5672 1687 4544 615 2237 554 6476 3629 1970 6740 4606 2620 3748 6591 187 
