1 0 0 0
2 50 0 0
3 50 0 5
4 150 50 0
5 150 50 5
6 150 -50 0
7 150 -50 5
8 100 50 0
9 100 50 5
10 100 -50 0
11 100 -50 5
12 100 0 0
13 100 0 5
14 200 50 0
15 200 50 5
16 200 -50 0
17 200 -50 5
18 150 50 0
19 150 50 5
20 150 -50 0
21 150 -50 5
22 100 0 10
23 200 50 10
24 200 -50 10
25 150 50 10
26 150 -50 10
27 150 -100 0
28 150 -100 5
29 200 -100 0
30 200 -100 5
31 150 -100 10
32 200 -100 10
33 150 0 0
34 150 0 5
35 250 50 0
36 250 50 5
37 250 -50 0
38 250 -50 5
39 200 50 0
40 200 50 5
41 200 -50 0
42 200 -50 5
43 150 0 10
44 250 50 10
45 250 -50 10
46 200 50 10
47 200 -50 10
48 150 0 15
49 250 50 15
50 250 -50 15
51 200 50 15
52 200 -50 15
53 150 100 0
54 150 100 5
55 200 100 0
56 200 100 5
57 150 100 10
58 200 100 10
59 200 -150 0
60 200 -150 5
61 250 -150 0
62 250 -150 5
63 200 -150 10
64 250 -150 10
65 200 -150 15
66 250 -150 15
67 300 0 0
68 300 0 5
69 300 -100 0
70 300 -100 5
71 250 0 0
72 250 0 5
73 250 -100 0
74 250 -100 5
75 300 0 10
76 300 -100 10
77 250 0 10
78 250 -100 10
79 200 -100 0
80 200 -100 5
81 250 -100 0
82 250 -100 5
83 200 -100 10
84 250 -100 10
85 200 -100 15
86 250 -100 15
87 200 0 0
88 200 0 5
89 300 50 0
90 300 50 5
91 300 -50 0
92 300 -50 5
93 250 50 0
94 250 50 5
95 250 -50 0
96 250 -50 5
97 200 0 10
98 300 50 10
99 300 -50 10
100 250 50 10
101 250 -50 10
102 200 0 15
103 300 50 15
104 300 -50 15
105 250 50 15
106 250 -50 15
107 200 0 20
108 300 50 20
109 300 -50 20
110 250 50 20
111 250 -50 20
112 300 100 0
113 300 100 5
114 250 100 0
115 250 100 5
116 250 0 0
117 250 0 5
118 300 100 10
119 250 100 10
120 250 0 10
121 200 100 0
122 200 100 5
123 250 100 0
124 250 100 5
125 200 100 10
126 250 100 10
127 200 100 15
128 250 100 15
129 200 150 0
130 200 150 5
131 250 150 0
132 250 150 5
133 200 150 10
134 250 150 10
135 200 150 15
136 250 150 15
137 250 -200 0
138 250 -200 5
139 300 -200 0
140 300 -200 5
141 250 -200 10
142 300 -200 10
143 250 -200 15
144 300 -200 15
145 250 -200 20
146 300 -200 20
147 350 -50 0
148 350 -50 5
149 350 -150 0
150 350 -150 5
151 300 -50 0
152 300 -50 5
153 300 -150 0
154 300 -150 5
155 350 -50 10
156 350 -150 10
157 300 -50 10
158 300 -150 10
159 350 -50 15
160 350 -150 15
161 300 -50 15
162 300 -150 15
163 250 -150 0
164 250 -150 5
165 300 -150 0
166 300 -150 5
167 250 -150 10
168 300 -150 10
169 250 -150 15
170 300 -150 15
171 250 -150 20
172 300 -150 20
173 350 0 0
174 350 0 5
175 350 -100 0
176 350 -100 5
177 300 0 0
178 300 0 5
179 300 -100 0
180 300 -100 5
181 350 0 10
182 350 -100 10
183 300 0 10
184 300 -100 10
185 350 0 15
186 350 -100 15
187 300 0 15
188 300 -100 15
189 250 -100 15
190 300 -100 15
191 250 -100 20
192 300 -100 20
193 250 0 0
194 250 0 5
195 350 50 0
196 350 50 5
197 300 50 0
198 300 50 5
199 300 -50 0
200 300 -50 5
201 250 0 10
202 350 50 10
203 300 50 10
204 300 -50 10
205 250 0 15
206 350 50 15
207 300 50 15
208 300 -50 15
209 250 0 20
210 350 50 20
211 350 -50 20
212 300 50 20
213 300 -50 20
214 250 0 25
215 350 50 25
216 350 -50 25
217 300 50 25
218 300 -50 25
219 350 100 0
220 350 100 5
221 300 100 0
222 300 100 5
223 300 0 0
224 300 0 5
225 350 100 10
226 300 100 10
227 300 0 10
228 350 100 15
229 300 100 15
230 300 0 15
231 250 100 15
232 300 100 15
233 250 100 20
234 300 100 20
235 350 150 0
236 350 150 5
237 300 150 0
238 300 150 5
239 300 50 0
240 300 50 5
241 350 150 10
242 300 150 10
243 300 50 10
244 350 150 15
245 300 150 15
246 300 50 15
247 250 150 0
248 250 150 5
249 300 150 0
250 300 150 5
251 250 150 10
252 300 150 10
253 250 150 15
254 300 150 15
255 250 150 20
256 300 150 20
257 250 200 0
258 250 200 5
259 300 200 0
260 300 200 5
261 250 200 10
262 300 200 10
263 250 200 15
264 300 200 15
265 250 200 20
266 300 200 20
267 250 -200 0
268 250 -200 0
269 350 -250 0
270 350 -250 5
271 250 -200 5
272 350 -250 10
273 250 -200 10
274 350 -250 15
275 250 -200 15
276 350 -250 20
277 250 -200 20
278 350 -250 25
279 400 -100 0
280 400 -100 5
281 400 -200 0
282 400 -200 5
283 350 -100 0
284 350 -100 5
285 350 -200 0
286 350 -200 5
287 400 -100 10
288 400 -200 10
289 350 -100 10
290 350 -200 10
291 400 -100 15
292 400 -200 15
293 350 -100 15
294 350 -200 15
295 400 -100 20
296 400 -200 20
297 350 -100 20
298 350 -200 20
299 300 -200 0
300 300 -200 5
301 350 -200 0
302 350 -200 5
303 300 -200 10
304 350 -200 10
305 300 -200 15
306 350 -200 15
307 300 -200 20
308 350 -200 20
309 300 -200 25
310 350 -200 25
311 400 -50 0
312 400 -50 5
313 400 -150 0
314 400 -150 5
315 350 -50 0
316 350 -50 5
317 350 -150 0
318 350 -150 5
319 400 -50 10
320 400 -150 10
321 350 -50 10
322 350 -150 10
323 400 -50 15
324 400 -150 15
325 350 -50 15
326 350 -150 15
327 400 -50 20
328 400 -150 20
329 350 -50 20
330 350 -150 20
331 300 -150 20
332 350 -150 20
333 300 -150 25
334 350 -150 25
335 400 0 0
336 400 0 5
337 350 0 0
338 350 0 5
339 350 -100 0
340 350 -100 5
341 400 0 10
342 350 0 10
343 350 -100 10
344 400 0 15
345 350 0 15
346 350 -100 15
347 400 0 20
348 350 0 20
349 350 -100 20
350 300 -100 20
351 350 -100 20
352 300 -100 25
353 350 -100 25
354 400 50 0
355 400 50 5
356 350 50 0
357 350 50 5
358 350 -50 0
359 350 -50 5
360 400 50 10
361 350 50 10
362 350 -50 10
363 300 0 15
364 400 50 15
365 350 50 15
366 350 -50 15
367 300 0 20
368 400 50 20
369 350 50 20
370 350 -50 20
371 300 0 25
372 400 50 25
373 400 -50 25
374 350 50 25
375 350 -50 25
376 300 0 30
377 400 50 30
378 400 -50 30
379 350 50 30
380 350 -50 30
381 400 100 0
382 400 100 5
383 350 100 0
384 350 100 5
385 350 0 0
386 350 0 5
387 400 100 10
388 350 100 10
389 350 0 10
390 400 100 15
391 350 100 15
392 350 0 15
393 400 100 20
394 350 100 20
395 350 0 20
396 300 100 20
397 350 100 20
398 300 100 25
399 350 100 25
400 400 150 0
401 400 150 5
402 350 150 0
403 350 150 5
404 350 50 0
405 350 50 5
406 400 150 10
407 350 150 10
408 350 50 10
409 400 150 15
410 350 150 15
411 350 50 15
412 400 150 20
413 350 150 20
414 350 50 20
415 300 150 20
416 350 150 20
417 300 150 25
418 350 150 25
419 400 200 0
420 400 200 5
421 350 200 0
422 350 200 5
423 350 100 0
424 350 100 5
425 400 200 10
426 350 200 10
427 350 100 10
428 400 200 15
429 350 200 15
430 350 100 15
431 400 200 20
432 350 200 20
433 350 100 20
434 300 200 0
435 300 200 5
436 350 200 0
437 350 200 5
438 300 200 10
439 350 200 10
440 300 200 15
441 350 200 15
442 300 200 20
443 350 200 20
444 300 200 25
445 350 200 25
446 250 200 0
447 250 200 0
448 350 250 0
449 350 250 5
450 250 200 5
451 350 250 10
452 250 200 10
453 350 250 15
454 250 200 15
455 350 250 20
456 250 200 20
457 350 250 25
458 450 -150 0
459 450 -150 5
460 450 -250 0
461 450 -250 5
462 400 -150 0
463 400 -150 5
464 300 -200 0
465 300 -200 0
466 450 -150 10
467 450 -250 10
468 400 -150 10
469 300 -200 5
470 450 -150 15
471 450 -250 15
472 400 -150 15
473 300 -200 10
474 450 -150 20
475 450 -250 20
476 400 -150 20
477 300 -200 15
478 450 -150 25
479 450 -250 25
480 400 -150 25
481 300 -200 20
482 300 -200 0
483 300 -200 0
484 400 -250 0
485 400 -250 5
486 300 -200 5
487 400 -250 10
488 300 -200 10
489 400 -250 15
490 300 -200 15
491 400 -250 20
492 300 -200 20
493 400 -250 25
494 300 -200 25
495 400 -250 30
496 450 -100 0
497 450 -100 5
498 450 -200 0
499 450 -200 5
500 400 -100 0
501 400 -100 5
502 400 -200 0
503 400 -200 5
504 450 -100 10
505 450 -200 10
506 400 -100 10
507 400 -200 10
508 450 -100 15
509 450 -200 15
510 400 -100 15
511 400 -200 15
512 450 -100 20
513 450 -200 20
514 400 -100 20
515 400 -200 20
516 450 -100 25
517 450 -200 25
518 400 -100 25
519 400 -200 25
520 350 -200 25
521 400 -200 25
522 350 -200 30
523 400 -200 30
524 450 -50 0
525 450 -50 5
526 400 -50 0
527 400 -50 5
528 400 -150 0
529 400 -150 5
530 450 -50 10
531 400 -50 10
532 400 -150 10
533 450 -50 15
534 400 -50 15
535 400 -150 15
536 450 -50 20
537 400 -50 20
538 400 -150 20
539 450 -50 25
540 400 -50 25
541 400 -150 25
542 350 -150 25
543 400 -150 25
544 350 -150 30
545 400 -150 30
546 450 0 0
547 450 0 5
548 400 0 0
549 400 0 5
550 400 -100 0
551 400 -100 5
552 450 0 10
553 400 0 10
554 400 -100 10
555 450 0 15
556 400 0 15
557 400 -100 15
558 450 0 20
559 400 0 20
560 400 -100 20
561 450 0 25
562 400 0 25
563 400 -100 25
564 350 -100 25
565 400 -100 25
566 350 -100 30
567 400 -100 30
568 450 50 0
569 450 50 5
570 400 50 0
571 400 50 5
572 400 -50 0
573 400 -50 5
574 450 50 10
575 400 50 10
576 400 -50 10
577 450 50 15
578 400 50 15
579 400 -50 15
580 350 0 20
581 450 50 20
582 400 50 20
583 400 -50 20
584 350 0 25
585 450 50 25
586 400 50 25
587 400 -50 25
588 350 0 30
589 450 50 30
590 450 -50 30
591 400 50 30
592 400 -50 30
593 350 0 35
594 450 50 35
595 450 -50 35
596 400 50 35
597 400 -50 35
598 450 100 0
599 450 100 5
600 400 100 0
601 400 100 5
602 400 0 0
603 400 0 5
604 450 100 10
605 400 100 10
606 400 0 10
607 450 100 15
608 400 100 15
609 400 0 15
610 450 100 20
611 400 100 20
612 400 0 20
613 450 100 25
614 400 100 25
615 400 0 25
616 350 100 25
617 400 100 25
618 350 100 30
619 400 100 30
620 450 150 0
621 450 150 5
622 400 150 0
623 400 150 5
624 400 50 0
625 400 50 5
626 450 150 10
627 400 150 10
628 400 50 10
629 450 150 15
630 400 150 15
631 400 50 15
632 450 150 20
633 400 150 20
634 400 50 20
635 450 150 25
636 400 150 25
637 400 50 25
638 350 150 25
639 400 150 25
640 350 150 30
641 400 150 30
642 450 200 0
643 450 200 5
644 400 200 0
645 400 200 5
646 400 100 0
647 400 100 5
648 450 200 10
649 400 200 10
650 400 100 10
651 450 200 15
652 400 200 15
653 400 100 15
654 450 200 20
655 400 200 20
656 400 100 20
657 450 200 25
658 400 200 25
659 400 100 25
660 350 200 25
661 400 200 25
662 350 200 30
663 400 200 30
664 450 250 0
665 450 250 5
666 300 200 0
667 300 200 0
668 400 150 0
669 400 150 5
670 450 250 10
671 300 200 5
672 400 150 10
673 450 250 15
674 300 200 10
675 400 150 15
676 450 250 20
677 300 200 15
678 400 150 20
679 450 250 25
680 300 200 20
681 400 150 25
682 300 200 0
683 300 200 0
684 400 250 0
685 400 250 5
686 300 200 5
687 400 250 10
688 300 200 10
689 400 250 15
690 300 200 15
691 400 250 20
692 300 200 20
693 400 250 25
694 300 200 25
695 400 250 30
696 500 -200 0
697 500 -200 5
698 450 -200 0
699 450 -200 5
700 500 -200 10
701 450 -200 10
702 500 -200 15
703 450 -200 15
704 500 -200 20
705 450 -200 20
706 500 -200 25
707 450 -200 25
708 500 -200 30
709 450 -200 30
710 500 -150 0
711 500 -150 5
712 500 -250 0
713 500 -250 5
714 450 -150 0
715 450 -150 5
716 350 -200 0
717 350 -200 0
718 500 -150 10
719 500 -250 10
720 450 -150 10
721 350 -200 5
722 500 -150 15
723 500 -250 15
724 450 -150 15
725 350 -200 10
726 500 -150 20
727 500 -250 20
728 450 -150 20
729 350 -200 15
730 500 -150 25
731 500 -250 25
732 450 -150 25
733 350 -200 20
734 500 -150 30
735 500 -250 30
736 450 -150 30
737 350 -200 25
738 350 -200 25
739 450 -250 30
740 350 -200 30
741 450 -250 35
742 500 -100 0
743 500 -100 5
744 450 -100 0
745 450 -100 5
746 450 -200 0
747 450 -200 5
748 500 -100 10
749 450 -100 10
750 450 -200 10
751 500 -100 15
752 450 -100 15
753 450 -200 15
754 500 -100 20
755 450 -100 20
756 450 -200 20
757 500 -100 25
758 450 -100 25
759 450 -200 25
760 500 -100 30
761 450 -100 30
762 450 -200 30
763 400 -200 30
764 450 -200 30
765 400 -200 35
766 450 -200 35
767 500 -50 0
768 500 -50 5
769 450 -50 0
770 450 -50 5
771 450 -150 0
772 450 -150 5
773 500 -50 10
774 450 -50 10
775 450 -150 10
776 500 -50 15
777 450 -50 15
778 450 -150 15
779 500 -50 20
780 450 -50 20
781 450 -150 20
782 500 -50 25
783 450 -50 25
784 450 -150 25
785 500 -50 30
786 450 -50 30
787 450 -150 30
788 400 -150 30
789 450 -150 30
790 400 -150 35
791 450 -150 35
792 500 0 0
793 500 0 5
794 450 0 0
795 450 0 5
796 450 -100 0
797 450 -100 5
798 500 0 10
799 450 0 10
800 450 -100 10
801 500 0 15
802 450 0 15
803 450 -100 15
804 500 0 20
805 450 0 20
806 450 -100 20
807 500 0 25
808 450 0 25
809 450 -100 25
810 500 0 30
811 450 0 30
812 450 -100 30
813 400 -100 30
814 450 -100 30
815 400 -100 35
816 450 -100 35
817 500 50 0
818 500 50 5
819 450 50 0
820 450 50 5
821 450 -50 0
822 450 -50 5
823 500 50 10
824 450 50 10
825 450 -50 10
826 500 50 15
827 450 50 15
828 450 -50 15
829 500 50 20
830 450 50 20
831 450 -50 20
832 400 0 25
833 500 50 25
834 450 50 25
835 450 -50 25
836 400 0 30
837 500 50 30
838 450 50 30
839 450 -50 30
840 400 0 35
841 500 50 35
842 500 -50 35
843 450 50 35
844 450 -50 35
845 400 0 40
846 500 50 40
847 500 -50 40
848 450 50 40
849 450 -50 40
850 500 100 0
851 500 100 5
852 450 100 0
853 450 100 5
854 450 0 0
855 450 0 5
856 500 100 10
857 450 100 10
858 450 0 10
859 500 100 15
860 450 100 15
861 450 0 15
862 500 100 20
863 450 100 20
864 450 0 20
865 500 100 25
866 450 100 25
867 450 0 25
868 500 100 30
869 450 100 30
870 450 0 30
871 400 100 30
872 450 100 30
873 400 100 35
874 450 100 35
875 500 150 0
876 500 150 5
877 450 150 0
878 450 150 5
879 450 50 0
880 450 50 5
881 500 150 10
882 450 150 10
883 450 50 10
884 500 150 15
885 450 150 15
886 450 50 15
887 500 150 20
888 450 150 20
889 450 50 20
890 500 150 25
891 450 150 25
892 450 50 25
893 500 150 30
894 450 150 30
895 450 50 30
896 400 150 30
897 450 150 30
898 400 150 35
899 450 150 35
900 500 200 0
901 500 200 5
902 450 200 0
903 450 200 5
904 450 100 0
905 450 100 5
906 500 200 10
907 450 200 10
908 450 100 10
909 500 200 15
910 450 200 15
911 450 100 15
912 500 200 20
913 450 200 20
914 450 100 20
915 500 200 25
916 450 200 25
917 450 100 25
918 500 200 30
919 450 200 30
920 450 100 30
921 400 200 30
922 450 200 30
923 400 200 35
924 450 200 35
925 500 250 0
926 500 250 5
927 350 200 0
928 350 200 0
929 450 150 0
930 450 150 5
931 500 250 10
932 350 200 5
933 450 150 10
934 500 250 15
935 350 200 10
936 450 150 15
937 500 250 20
938 350 200 15
939 450 150 20
940 500 250 25
941 350 200 20
942 450 150 25
943 500 250 30
944 350 200 25
945 450 150 30
946 350 200 25
947 450 250 30
948 350 200 30
949 450 250 35
950 450 200 0
951 450 200 5
952 450 200 10
953 450 200 15
954 450 200 20
955 450 200 25
956 450 200 30
957 550 -200 0
958 550 -200 5
959 500 -200 0
960 500 -200 5
961 550 -200 10
962 500 -200 10
963 550 -200 15
964 500 -200 15
965 550 -200 20
966 500 -200 20
967 550 -200 25
968 500 -200 25
969 550 -200 30
970 500 -200 30
971 550 -200 35
972 500 -200 35
973 550 -150 0
974 550 -150 5
975 550 -250 0
976 550 -250 5
977 500 -150 0
978 500 -150 5
979 400 -200 0
980 400 -200 0
981 550 -150 10
982 550 -250 10
983 500 -150 10
984 400 -200 5
985 550 -150 15
986 550 -250 15
987 500 -150 15
988 400 -200 10
989 550 -150 20
990 550 -250 20
991 500 -150 20
992 400 -200 15
993 550 -150 25
994 550 -250 25
995 500 -150 25
996 400 -200 20
997 550 -150 30
998 550 -250 30
999 500 -150 30
1000 400 -200 25
1001 550 -150 35
1002 550 -250 35
1003 500 -150 35
1004 400 -200 30
1005 400 -200 30
1006 500 -250 35
1007 400 -200 35
1008 500 -250 40
1009 550 -100 0
1010 550 -100 5
1011 500 -100 0
1012 500 -100 5
1013 500 -200 0
1014 500 -200 5
1015 550 -100 10
1016 500 -100 10
1017 500 -200 10
1018 550 -100 15
1019 500 -100 15
1020 500 -200 15
1021 550 -100 20
1022 500 -100 20
1023 500 -200 20
1024 550 -100 25
1025 500 -100 25
1026 500 -200 25
1027 550 -100 30
1028 500 -100 30
1029 500 -200 30
1030 550 -100 35
1031 500 -100 35
1032 500 -200 35
1033 450 -200 35
1034 500 -200 35
1035 450 -200 40
1036 500 -200 40
1037 550 -50 0
1038 550 -50 5
1039 500 -50 0
1040 500 -50 5
1041 500 -150 0
1042 500 -150 5
1043 550 -50 10
1044 500 -50 10
1045 500 -150 10
1046 550 -50 15
1047 500 -50 15
1048 500 -150 15
1049 550 -50 20
1050 500 -50 20
1051 500 -150 20
1052 550 -50 25
1053 500 -50 25
1054 500 -150 25
1055 550 -50 30
1056 500 -50 30
1057 500 -150 30
1058 550 -50 35
1059 500 -50 35
1060 500 -150 35
1061 450 -150 35
1062 500 -150 35
1063 450 -150 40
1064 500 -150 40
1065 550 0 0
1066 550 0 5
1067 500 0 0
1068 500 0 5
1069 500 -100 0
1070 500 -100 5
1071 550 0 10
1072 500 0 10
1073 500 -100 10
1074 550 0 15
1075 500 0 15
1076 500 -100 15
1077 550 0 20
1078 500 0 20
1079 500 -100 20
1080 550 0 25
1081 500 0 25
1082 500 -100 25
1083 550 0 30
1084 500 0 30
1085 500 -100 30
1086 550 0 35
1087 500 0 35
1088 500 -100 35
1089 450 -100 35
1090 500 -100 35
1091 450 -100 40
1092 500 -100 40
1093 550 50 0
1094 550 50 5
1095 500 50 0
1096 500 50 5
1097 500 -50 0
1098 500 -50 5
1099 550 50 10
1100 500 50 10
1101 500 -50 10
1102 550 50 15
1103 500 50 15
1104 500 -50 15
1105 550 50 20
1106 500 50 20
1107 500 -50 20
1108 550 50 25
1109 500 50 25
1110 500 -50 25
1111 450 0 30
1112 550 50 30
1113 500 50 30
1114 500 -50 30
1115 450 0 35
1116 550 50 35
1117 500 50 35
1118 500 -50 35
1119 450 0 40
1120 550 50 40
1121 550 -50 40
1122 500 50 40
1123 500 -50 40
1124 450 0 45
1125 550 50 45
1126 550 -50 45
1127 500 50 45
1128 500 -50 45
1129 550 100 0
1130 550 100 5
1131 500 100 0
1132 500 100 5
1133 500 0 0
1134 500 0 5
1135 550 100 10
1136 500 100 10
1137 500 0 10
1138 550 100 15
1139 500 100 15
1140 500 0 15
1141 550 100 20
1142 500 100 20
1143 500 0 20
1144 550 100 25
1145 500 100 25
1146 500 0 25
1147 550 100 30
1148 500 100 30
1149 500 0 30
1150 550 100 35
1151 500 100 35
1152 500 0 35
1153 450 100 35
1154 500 100 35
1155 450 100 40
1156 500 100 40
1157 550 150 0
1158 550 150 5
1159 500 150 0
1160 500 150 5
1161 500 50 0
1162 500 50 5
1163 550 150 10
1164 500 150 10
1165 500 50 10
1166 550 150 15
1167 500 150 15
1168 500 50 15
1169 550 150 20
1170 500 150 20
1171 500 50 20
1172 550 150 25
1173 500 150 25
1174 500 50 25
1175 550 150 30
1176 500 150 30
1177 500 50 30
1178 550 150 35
1179 500 150 35
1180 500 50 35
1181 450 150 35
1182 500 150 35
1183 450 150 40
1184 500 150 40
1185 550 200 0
1186 550 200 5
1187 500 200 0
1188 500 200 5
1189 500 100 0
1190 500 100 5
1191 550 200 10
1192 500 200 10
1193 500 100 10
1194 550 200 15
1195 500 200 15
1196 500 100 15
1197 550 200 20
1198 500 200 20
1199 500 100 20
1200 550 200 25
1201 500 200 25
1202 500 100 25
1203 550 200 30
1204 500 200 30
1205 500 100 30
1206 550 200 35
1207 500 200 35
1208 500 100 35
1209 450 200 35
1210 500 200 35
1211 450 200 40
1212 500 200 40
1213 550 250 0
1214 550 250 5
1215 400 200 0
1216 400 200 0
1217 500 150 0
1218 500 150 5
1219 550 250 10
1220 400 200 5
1221 500 150 10
1222 550 250 15
1223 400 200 10
1224 500 150 15
1225 550 250 20
1226 400 200 15
1227 500 150 20
1228 550 250 25
1229 400 200 20
1230 500 150 25
1231 550 250 30
1232 400 200 25
1233 500 150 30
1234 550 250 35
1235 400 200 30
1236 500 150 35
1237 400 200 30
1238 500 250 35
1239 400 200 35
1240 500 250 40
1241 500 200 0
1242 500 200 5
1243 500 200 10
1244 500 200 15
1245 500 200 20
1246 500 200 25
1247 500 200 30
1248 500 200 35
1249 450 -250 0
1250 450 -250 0
1251 550 -200 0
1252 550 -200 5
1253 450 -250 5
1254 550 -200 10
1255 450 -250 10
1256 550 -200 15
1257 450 -250 15
1258 550 -200 20
1259 450 -250 20
1260 550 -200 25
1261 450 -250 25
1262 550 -200 30
1263 450 -250 30
1264 550 -200 35
1265 450 -250 35
1266 550 -200 40
1267 450 -200 0
1268 450 -200 0
1269 450 -200 0
1270 450 -200 0
1271 550 -150 0
1272 550 -150 5
1273 450 -200 0
1274 450 -200 0
1275 450 -200 5
1276 450 -200 5
1277 550 -150 10
1278 450 -200 5
1279 450 -200 10
1280 450 -200 10
1281 550 -150 15
1282 450 -200 10
1283 450 -200 15
1284 450 -200 15
1285 550 -150 20
1286 450 -200 15
1287 450 -200 20
1288 450 -200 20
1289 550 -150 25
1290 450 -200 20
1291 450 -200 25
1292 450 -200 25
1293 550 -150 30
1294 450 -200 25
1295 450 -200 30
1296 450 -200 30
1297 550 -150 35
1298 450 -200 30
1299 450 -200 35
1300 450 -200 35
1301 550 -150 40
1302 450 -200 35
1303 450 -200 35
1304 550 -250 40
1305 450 -200 40
1306 550 -250 45
1307 450 -150 0
1308 450 -150 0
1309 550 -100 0
1310 550 -100 5
1311 550 -200 0
1312 550 -200 5
1313 450 -150 5
1314 550 -100 10
1315 550 -200 10
1316 450 -150 10
1317 550 -100 15
1318 550 -200 15
1319 450 -150 15
1320 550 -100 20
1321 550 -200 20
1322 450 -150 20
1323 550 -100 25
1324 550 -200 25
1325 450 -150 25
1326 550 -100 30
1327 550 -200 30
1328 450 -150 30
1329 550 -100 35
1330 550 -200 35
1331 450 -150 35
1332 550 -100 40
1333 550 -200 40
1334 500 -200 40
1335 550 -200 40
1336 500 -200 45
1337 550 -200 45
1338 450 -100 0
1339 450 -100 0
1340 550 -50 0
1341 550 -50 5
1342 550 -150 0
1343 550 -150 5
1344 450 -100 5
1345 550 -50 10
1346 550 -150 10
1347 450 -100 10
1348 550 -50 15
1349 550 -150 15
1350 450 -100 15
1351 550 -50 20
1352 550 -150 20
1353 450 -100 20
1354 550 -50 25
1355 550 -150 25
1356 450 -100 25
1357 550 -50 30
1358 550 -150 30
1359 450 -100 30
1360 550 -50 35
1361 550 -150 35
1362 450 -100 35
1363 550 -50 40
1364 550 -150 40
1365 500 -150 40
1366 550 -150 40
1367 500 -150 45
1368 550 -150 45
1369 450 -50 0
1370 450 -50 0
1371 550 0 0
1372 550 0 5
1373 550 -100 0
1374 550 -100 5
1375 450 -50 5
1376 550 0 10
1377 550 -100 10
1378 450 -50 10
1379 550 0 15
1380 550 -100 15
1381 450 -50 15
1382 550 0 20
1383 550 -100 20
1384 450 -50 20
1385 550 0 25
1386 550 -100 25
1387 450 -50 25
1388 550 0 30
1389 550 -100 30
1390 450 -50 30
1391 550 0 35
1392 550 -100 35
1393 450 -50 35
1394 550 0 40
1395 550 -100 40
1396 500 -100 40
1397 550 -100 40
1398 500 -100 45
1399 550 -100 45
1400 450 0 0
1401 450 0 0
1402 550 50 0
1403 550 50 5
1404 550 -50 0
1405 550 -50 5
1406 450 0 5
1407 550 50 10
1408 550 -50 10
1409 450 0 10
1410 550 50 15
1411 550 -50 15
1412 450 0 15
1413 550 50 20
1414 550 -50 20
1415 450 0 20
1416 550 50 25
1417 550 -50 25
1418 450 0 25
1419 550 50 30
1420 550 -50 30
1421 500 0 35
1422 450 0 30
1423 550 50 35
1424 550 -50 35
1425 500 0 40
1426 450 0 35
1427 550 50 40
1428 550 -50 40
1429 500 0 45
1430 450 0 40
1431 450 0 40
1432 550 50 45
1433 550 -50 45
1434 500 0 50
1435 450 0 45
1436 450 0 45
1437 450 0 45
1438 450 0 45
1439 450 50 0
1440 450 50 0
1441 550 100 0
1442 550 100 5
1443 550 0 0
1444 550 0 5
1445 450 50 5
1446 550 100 10
1447 550 0 10
1448 450 50 10
1449 550 100 15
1450 550 0 15
1451 450 50 15
1452 550 100 20
1453 550 0 20
1454 450 50 20
1455 550 100 25
1456 550 0 25
1457 450 50 25
1458 550 100 30
1459 550 0 30
1460 450 50 30
1461 550 100 35
1462 550 0 35
1463 450 50 35
1464 550 100 40
1465 550 0 40
1466 500 100 40
1467 550 100 40
1468 500 100 45
1469 550 100 45
1470 450 100 0
1471 450 100 0
1472 550 150 0
1473 550 150 5
1474 550 50 0
1475 550 50 5
1476 450 100 5
1477 550 150 10
1478 550 50 10
1479 450 100 10
1480 550 150 15
1481 550 50 15
1482 450 100 15
1483 550 150 20
1484 550 50 20
1485 450 100 20
1486 550 150 25
1487 550 50 25
1488 450 100 25
1489 550 150 30
1490 550 50 30
1491 450 100 30
1492 550 150 35
1493 550 50 35
1494 450 100 35
1495 550 150 40
1496 550 50 40
1497 500 150 40
1498 550 150 40
1499 500 150 45
1500 550 150 45
1501 450 150 0
1502 450 150 0
1503 450 150 0
1504 450 150 0
1505 550 100 0
1506 550 100 5
1507 450 150 5
1508 450 150 5
1509 550 100 10
1510 450 150 10
1511 450 150 10
1512 550 100 15
1513 450 150 15
1514 450 150 15
1515 550 100 20
1516 450 150 20
1517 450 150 20
1518 550 100 25
1519 450 150 25
1520 450 150 25
1521 550 100 30
1522 450 150 30
1523 450 150 30
1524 550 100 35
1525 450 150 35
1526 450 150 35
1527 550 100 40
1528 500 200 40
1529 550 200 40
1530 450 150 40
1531 550 200 45
1532 450 200 0
1533 450 200 0
1534 450 200 0
1535 450 200 0
1536 550 150 0
1537 550 150 5
1538 450 200 5
1539 450 200 5
1540 550 150 10
1541 450 200 10
1542 450 200 10
1543 550 150 15
1544 450 200 15
1545 450 200 15
1546 550 150 20
1547 450 200 20
1548 450 200 20
1549 550 150 25
1550 450 200 25
1551 450 200 25
1552 550 150 30
1553 450 200 30
1554 450 200 30
1555 550 150 35
1556 450 200 35
1557 450 200 35
1558 550 150 40
1559 450 200 35
1560 550 250 40
1561 450 200 40
1562 450 200 40
1563 450 250 0
1564 450 250 0
1565 450 250 5
1566 450 250 10
1567 450 250 15
1568 450 250 20
1569 450 250 25
1570 450 250 30
1571 450 250 35
1572 500 -250 0
1573 500 -250 0
1574 500 -250 5
1575 500 -250 10
1576 500 -250 15
1577 500 -250 20
1578 500 -250 25
1579 500 -250 30
1580 500 -250 35
1581 500 -250 40
1582 500 -200 0
1583 500 -200 0
1584 500 -200 0
1585 500 -200 0
1586 500 -200 5
1587 500 -200 5
1588 500 -200 10
1589 500 -200 10
1590 500 -200 15
1591 500 -200 15
1592 500 -200 20
1593 500 -200 20
1594 500 -200 25
1595 500 -200 25
1596 500 -200 30
1597 500 -200 30
1598 500 -200 35
1599 500 -200 35
1600 500 -200 40
1601 500 -200 40
1602 500 -200 40
1603 500 -200 40
1604 500 -200 45
1605 500 -200 45
1606 500 -150 0
1607 500 -150 0
1608 500 -150 0
1609 500 -150 0
1610 500 -150 5
1611 500 -150 5
1612 500 -150 10
1613 500 -150 10
1614 500 -150 15
1615 500 -150 15
1616 500 -150 20
1617 500 -150 20
1618 500 -150 25
1619 500 -150 25
1620 500 -150 30
1621 500 -150 30
1622 500 -150 35
1623 500 -150 35
1624 500 -150 40
1625 500 -150 40
1626 550 -200 45
1627 500 -150 40
1628 500 -150 45
1629 500 -150 45
1630 500 -100 0
1631 500 -100 0
1632 500 -100 0
1633 500 -100 0
1634 500 -100 5
1635 500 -100 5
1636 500 -100 10
1637 500 -100 10
1638 500 -100 15
1639 500 -100 15
1640 500 -100 20
1641 500 -100 20
1642 500 -100 25
1643 500 -100 25
1644 500 -100 30
1645 500 -100 30
1646 500 -100 35
1647 500 -100 35
1648 500 -100 40
1649 500 -100 40
1650 550 -150 45
1651 500 -100 40
1652 500 -100 45
1653 500 -100 45
1654 500 -50 0
1655 500 -50 0
1656 500 -50 0
1657 500 -50 0
1658 500 -50 5
1659 500 -50 5
1660 500 -50 10
1661 500 -50 10
1662 500 -50 15
1663 500 -50 15
1664 500 -50 20
1665 500 -50 20
1666 500 -50 25
1667 500 -50 25
1668 500 -50 30
1669 500 -50 30
1670 500 -50 35
1671 500 -50 35
1672 500 -50 40
1673 500 -50 40
1674 550 -100 45
1675 500 -50 40
1676 500 -50 45
1677 500 -50 45
1678 500 0 0
1679 500 0 0
1680 500 0 0
1681 500 0 0
1682 500 0 5
1683 500 0 5
1684 500 0 10
1685 500 0 10
1686 500 0 15
1687 500 0 15
1688 500 0 20
1689 500 0 20
1690 500 0 25
1691 500 0 25
1692 500 0 30
1693 500 0 30
1694 550 0 40
1695 500 0 35
1696 500 0 35
1697 500 0 40
1698 500 0 40
1699 500 0 40
1700 500 0 45
1701 500 0 45
1702 500 0 45
1703 500 50 0
1704 500 50 0
1705 500 50 0
1706 500 50 0
1707 500 50 5
1708 500 50 5
1709 500 50 10
1710 500 50 10
1711 500 50 15
1712 500 50 15
1713 500 50 20
1714 500 50 20
1715 500 50 25
1716 500 50 25
1717 500 50 30
1718 500 50 30
1719 500 50 35
1720 500 50 35
1721 500 50 40
1722 500 50 40
1723 550 100 45
1724 500 50 40
1725 500 50 45
1726 500 50 45
1727 500 100 0
1728 500 100 0
1729 500 100 0
1730 500 100 0
1731 500 100 5
1732 500 100 5
1733 500 100 10
1734 500 100 10
1735 500 100 15
1736 500 100 15
1737 500 100 20
1738 500 100 20
1739 500 100 25
1740 500 100 25
1741 500 100 30
1742 500 100 30
1743 500 100 35
1744 500 100 35
1745 500 100 40
1746 500 100 40
1747 550 150 45
1748 500 100 40
1749 500 100 45
1750 500 100 45
1751 500 150 0
1752 500 150 0
1753 500 150 0
1754 500 150 0
1755 500 150 5
1756 500 150 5
1757 500 150 10
1758 500 150 10
1759 500 150 15
1760 500 150 15
1761 500 150 20
1762 500 150 20
1763 500 150 25
1764 500 150 25
1765 500 150 30
1766 500 150 30
1767 500 150 35
1768 500 150 35
1769 500 150 40
1770 500 150 40
1771 500 150 40
1772 500 150 40
1773 500 150 45
