51 20 17 131 193 71 38 92 26 
51 184 5 78 4 101 102 42 26 
51 136 180 133 70 109 103 86 26 
51 184 185 78 104 174 149 52 26 
51 184 197 91 130 64 141 52 26 
51 20 191 95 70 74 38 152 26 
51 184 5 7 198 62 18 42 26 
51 184 121 122 45 101 102 42 26 
51 184 5 78 46 149 52 26 
51 184 185 11 46 90 80 26 
51 184 197 129 178 62 163 183 26 
51 184 185 78 168 109 195 33 26 
51 184 197 53 43 55 90 40 26 
51 184 5 7 198 62 82 52 26 
51 184 85 78 46 67 117 152 26 
51 184 5 7 198 62 18 183 26 
51 20 17 98 119 74 200 152 26 
51 136 180 34 106 140 200 132 26 
51 136 180 34 106 67 40 26 
51 136 180 34 158 60 135 26 
51 184 121 129 49 62 163 135 26 
51 136 180 133 156 2 103 92 26 
51 136 180 153 156 97 195 92 26 
51 136 180 171 104 174 141 80 26 
51 184 185 95 70 60 103 88 26 
51 136 180 171 8 168 67 135 26 
51 20 17 131 193 16 83 80 26 
51 184 197 129 49 174 141 52 26 
51 184 121 166 147 111 9 18 52 26 
51 136 180 11 55 149 80 26 
51 136 180 66 176 164 103 33 26 
51 20 17 131 193 71 195 33 26 
51 184 197 27 198 62 163 40 26 
51 184 5 7 49 138 18 183 26 
51 136 180 153 193 97 195 33 26 
51 20 17 131 193 74 200 132 26 
51 184 5 182 198 62 141 80 26 
51 184 121 166 187 101 102 42 26 
51 136 180 133 156 164 103 196 26 
51 136 180 153 94 60 135 26 
51 136 180 34 156 164 103 196 26 
51 184 197 91 43 174 102 80 26 
51 20 17 98 119 74 128 33 26 
51 136 180 11 46 174 141 42 26 
51 184 121 129 178 62 163 183 26 
51 136 180 131 66 169 83 139 26 
51 184 197 129 49 62 82 40 26 
51 20 17 98 119 25 200 132 26 
51 20 17 131 193 188 148 80 26 
51 136 180 11 32 64 149 42 26 
51 20 191 48 36 64 149 12 26 
51 20 17 173 193 116 128 40 26 
51 20 17 131 193 74 128 159 26 
51 184 5 182 198 62 82 135 26 
51 184 5 91 43 64 90 40 26 
51 184 121 166 187 174 141 12 26 
51 184 121 129 178 62 18 183 26 
51 136 180 95 94 67 149 42 26 
51 184 85 95 70 74 200 132 26 
51 184 161 95 153 188 67 40 26 
51 20 191 95 94 60 103 33 26 
51 184 161 11 181 109 135 26 
51 20 17 131 193 116 83 80 26 
51 184 197 129 178 138 18 42 26 
51 184 161 95 168 60 135 26 
51 184 197 129 178 62 163 135 26 
51 184 5 182 157 174 149 52 26 
51 184 5 7 104 57 63 86 26 
51 136 180 173 193 97 195 159 26 
51 20 17 173 66 199 148 40 26 
51 136 180 153 94 67 135 26 
51 184 121 122 187 174 141 40 26 
51 184 5 78 46 90 40 26 
51 136 180 34 94 148 40 26 
51 184 5 7 198 62 82 42 26 
51 136 180 11 55 109 103 81 26 
51 184 197 129 178 62 163 42 26 
51 136 180 34 156 22 200 132 26 
51 184 121 122 147 174 149 52 26 
51 136 180 133 156 140 117 86 26 
51 184 121 27 178 62 163 40 26 
51 136 180 133 156 140 117 42 26 
51 184 161 48 68 46 149 80 26 
51 184 197 91 155 101 102 12 26 
51 136 180 133 156 140 117 30 26 
51 136 180 153 156 97 195 159 26 
51 20 17 131 44 25 200 132 26 
51 15 72 171 104 57 63 12 26 
51 184 185 78 93 89 63 135 26 
51 136 180 11 87 64 90 42 26 
51 184 197 27 198 62 141 52 26 
51 136 180 171 32 174 102 52 26 
51 20 17 98 119 74 195 92 26 
51 184 121 27 130 55 148 40 26 
51 20 17 170 119 74 200 132 26 
51 20 17 131 44 25 200 152 26 
51 136 180 34 106 67 177 183 26 
51 184 161 95 94 148 40 26 
51 184 121 27 130 174 102 42 26 
51 20 17 173 193 71 200 132 26 
51 136 180 153 176 164 103 86 26 
51 136 180 66 169 60 135 26 
51 20 17 131 193 97 195 132 26 
51 136 180 131 193 16 128 139 26 
51 184 197 91 4 64 149 42 26 
51 20 17 173 193 35 128 33 26 
51 136 180 66 79 116 195 88 26 
51 184 197 27 198 138 10 52 26 
51 136 180 133 70 60 103 30 26 
51 184 121 166 147 64 149 40 26 
51 136 180 66 199 90 40 26 
51 184 5 7 178 138 102 42 26 
51 184 197 27 49 138 18 183 26 
51 184 5 7 155 174 149 40 26 
51 184 5 78 168 67 135 26 
51 184 185 48 155 174 102 42 26 
51 136 180 11 106 164 195 159 26 
51 184 197 27 198 138 18 183 26 
51 20 17 173 21 25 200 152 26 
51 136 180 11 94 67 80 26 
51 15 154 78 46 149 52 26 
51 136 180 133 156 2 103 81 26 
51 136 180 153 68 55 149 52 26 
51 136 180 153 188 67 80 26 
51 136 180 34 188 164 103 81 26 
51 184 5 78 46 149 42 26 
51 20 17 131 193 74 195 152 26 
51 136 180 153 176 140 103 81 26 
51 184 5 53 43 64 102 52 26 
51 184 5 7 157 54 9 163 183 26 
51 20 17 173 193 116 83 139 26 
51 15 107 91 130 174 102 80 26 
51 20 17 131 193 35 128 152 26 
51 20 17 131 193 116 148 40 26 
51 184 121 122 76 101 102 12 26 
51 20 17 98 59 137 190 103 92 26 
51 20 17 98 119 74 195 135 26 
51 136 180 34 94 67 177 160 26 
51 184 121 129 36 55 149 12 26 
51 136 180 11 94 46 90 42 26 
51 136 180 153 94 148 40 26 
51 184 5 182 32 174 149 12 26 
51 184 161 95 66 199 90 42 26 
51 184 191 95 158 140 200 132 26 
51 184 121 122 187 101 102 42 26 
51 184 197 27 49 62 163 40 26 
51 136 180 153 181 148 135 26 
51 184 5 78 46 149 80 26 
51 184 5 78 36 174 102 12 26 
51 136 180 66 169 90 117 30 26 
51 20 17 131 193 35 128 40 26 
51 136 180 153 188 60 103 33 26 
51 184 5 182 198 62 82 42 26 
51 136 180 34 126 140 195 92 26 
51 136 180 95 158 140 117 152 26 
51 20 17 131 193 35 128 88 26 
51 136 180 66 79 125 38 152 26 
51 184 197 27 198 138 149 80 26 
51 136 180 66 176 116 195 135 26 
51 136 180 153 176 116 83 135 183 26 
51 136 180 34 156 140 117 88 26 
51 184 121 27 178 138 18 183 26 
51 184 5 182 198 138 18 52 26 
51 184 185 48 36 174 149 52 26 
51 136 180 11 46 90 42 26 
51 184 161 78 104 174 149 42 26 
51 20 17 98 119 74 128 152 26 
51 136 180 11 55 109 117 132 26 
51 136 180 11 104 57 63 42 26 
51 184 185 48 104 57 63 12 26 
51 136 180 131 193 97 195 33 26 
51 136 180 66 11 46 149 40 26 
51 184 121 27 198 62 163 183 26 
51 184 5 182 32 174 149 42 26 
51 184 5 7 8 46 90 40 26 
51 136 180 34 193 74 195 92 26 
51 20 191 48 8 174 149 52 26 
51 20 17 131 193 116 195 152 26 
51 20 17 131 119 25 200 152 26 
51 184 5 7 198 62 149 52 26 
51 136 180 133 156 164 117 86 26 
51 136 180 34 188 60 38 92 26 
51 184 5 7 198 62 163 42 26 
51 184 197 129 178 62 82 135 26 
51 136 180 153 176 164 117 132 26 
51 184 185 78 46 149 80 26 
51 136 180 66 169 90 135 26 
51 20 191 95 87 174 141 12 26 
51 136 180 153 106 109 135 26 
51 136 180 11 106 148 135 26 
51 136 180 153 106 67 177 30 26 
51 136 180 131 193 35 83 24 183 26 
51 184 185 95 126 55 149 80 26 
51 184 197 91 130 64 90 80 26 
51 184 197 27 43 168 109 135 26 
51 136 180 66 176 125 195 33 26 
51 184 121 6 155 174 141 12 26 
51 184 85 78 126 148 80 26 
51 20 17 131 193 116 128 40 26 
51 184 5 48 155 64 102 52 26 
51 184 185 95 158 148 80 26 
51 136 180 173 119 74 128 139 26 
51 20 17 173 193 16 109 103 139 26 
51 184 121 27 198 62 163 42 26 
51 20 17 131 193 116 38 92 26 
51 184 5 7 178 138 149 42 26 
51 184 5 78 8 174 149 12 26 
51 136 180 11 94 67 135 26 
51 20 17 131 193 71 200 132 26 
51 184 161 11 46 149 42 26 
51 184 185 95 94 148 135 26 
51 184 191 95 168 67 40 26 
51 184 185 95 158 148 103 159 26 
51 184 161 95 94 67 135 26 
51 136 180 153 176 125 103 132 26 
51 184 121 122 147 174 102 12 26 
51 184 185 11 106 67 40 26 
51 136 180 133 70 109 40 26 
51 184 185 78 46 149 40 26 
51 20 17 131 193 97 195 92 26 
51 136 180 153 79 125 103 152 26 
51 184 197 53 8 64 141 40 26 
51 136 180 153 176 97 195 92 26 
51 136 180 153 176 164 195 88 26 
51 184 5 7 36 174 141 12 26 
51 20 17 189 153 70 109 80 26 
51 136 180 133 70 60 195 159 26 
51 136 180 11 168 109 38 92 26 
51 15 72 5 78 168 109 135 26 
51 136 180 131 193 71 195 33 26 
51 136 180 34 156 97 200 132 26 
51 184 185 78 46 90 177 30 26 
51 184 121 129 4 101 102 12 26 
51 136 180 34 70 109 40 26 
51 136 180 153 94 148 135 26 
51 136 180 34 106 109 40 33 26 
51 136 180 153 158 116 195 152 26 
51 184 121 27 198 62 82 183 26 
51 136 180 11 55 149 42 26 
51 184 5 182 36 64 149 52 26 
51 20 17 131 193 25 200 152 26 
51 20 17 173 119 25 200 152 26 
51 184 5 7 178 62 163 183 26 
51 184 5 182 198 62 163 183 26 
51 136 180 153 70 2 117 92 26 
51 184 161 171 104 174 149 12 26 
51 136 180 11 55 149 52 26 
51 136 180 173 21 25 200 152 26 
51 184 197 129 178 138 18 183 26 
51 184 197 91 130 174 141 12 26 
51 136 180 66 199 90 80 26 
51 184 185 78 46 149 52 26 
51 136 180 153 94 67 40 26 
51 184 185 53 8 46 67 40 26 
51 184 5 182 157 138 102 12 26 
51 184 185 78 36 174 141 12 26 
51 20 17 173 119 74 128 40 26 
51 184 5 182 198 138 18 12 26 
51 20 17 170 66 169 148 40 26 
51 184 5 182 49 62 18 42 26 
51 184 121 166 45 101 102 42 26 
51 20 17 131 193 74 38 92 26 
51 184 161 95 70 74 38 152 26 
51 184 185 95 94 148 80 26 
51 136 180 11 106 140 83 135 26 
51 136 180 34 156 140 103 81 26 
51 136 180 131 193 71 38 132 26 
51 184 5 182 147 174 149 12 26 
51 20 191 95 158 16 128 159 26 
51 184 5 7 178 64 102 12 26 
51 115 185 78 126 140 117 42 26 
51 184 185 48 155 174 149 42 26 
51 184 5 7 198 138 10 52 26 
51 184 197 129 178 138 18 12 26 
51 136 180 153 79 71 195 33 26 
51 136 180 131 21 25 200 132 26 
51 20 17 131 21 25 200 152 26 
51 136 180 34 156 97 195 92 26 
51 184 121 27 130 174 149 42 26 
51 136 180 153 176 2 63 12 26 
51 136 180 133 70 168 109 80 26 
51 184 121 166 187 174 149 80 26 
51 136 180 173 193 116 83 40 26 
51 136 180 153 188 67 103 92 26 
51 184 161 11 46 149 24 183 26 
51 184 161 48 155 174 102 52 26 
51 136 180 173 193 35 128 33 26 
51 184 185 78 168 60 80 26 
51 20 17 173 193 116 195 88 26 
51 184 185 48 155 101 102 12 26 
51 136 180 133 156 116 200 152 26 
51 20 17 131 193 97 195 33 26 
51 136 180 34 106 16 38 92 26 
51 20 17 131 193 116 195 88 26 
51 136 180 153 79 140 103 86 26 
51 20 17 173 193 16 128 159 26 
51 20 17 131 193 116 83 103 196 26 
51 184 5 78 126 148 40 26 
51 136 180 11 168 46 67 80 26 
51 184 197 27 198 62 163 135 26 
51 184 185 53 8 46 149 80 26 
51 136 180 133 156 164 103 81 26 
51 184 185 53 43 174 102 52 26 
51 184 121 166 187 174 102 12 26 
51 136 180 66 199 83 139 26 
51 136 180 173 193 97 195 88 26 
51 136 180 34 193 97 195 88 26 
51 184 161 11 46 90 135 26 
51 20 17 131 193 116 128 92 26 
51 136 180 11 181 148 40 183 26 
51 136 180 153 79 2 63 86 26 
51 15 107 134 76 101 102 42 26 
51 184 5 78 168 60 135 86 26 
51 184 161 95 158 140 103 30 26 
51 20 17 131 193 71 195 159 26 
51 20 17 131 193 116 128 33 26 
51 136 180 34 126 60 80 26 
51 184 121 166 147 174 141 40 26 
51 184 185 78 46 149 52 160 26 
51 136 180 34 158 148 40 26 
51 184 185 78 4 174 149 12 26 
51 184 197 27 49 62 82 135 26 
51 184 161 11 55 149 12 26 
51 184 121 122 147 174 141 52 26 
51 136 180 66 79 22 200 152 26 
51 184 5 182 104 174 102 52 26 
51 184 121 166 187 101 102 12 26 
51 136 180 153 70 116 148 135 26 
51 136 180 153 188 148 40 26 
51 184 121 166 147 64 90 135 160 26 
51 20 17 170 119 74 128 159 26 
51 136 180 11 70 109 40 26 
51 115 197 53 8 174 149 40 26 
51 136 180 153 176 164 195 132 26 
51 184 121 129 178 138 18 183 26 
51 184 185 78 46 149 12 26 
51 136 180 34 106 148 135 26 
51 184 85 78 168 67 177 160 26 
51 20 17 131 193 35 83 80 26 
51 184 161 11 181 148 135 26 
51 136 180 66 79 125 103 30 26 
51 20 191 95 70 74 195 159 26 
51 184 197 27 49 174 141 12 26 
51 136 180 173 193 116 83 40 160 26 
51 184 197 27 198 62 82 183 26 
51 20 17 170 119 74 200 152 26 
51 136 180 34 188 67 177 12 26 
51 15 154 78 8 64 102 12 26 
51 20 17 131 193 116 200 152 26 
51 184 5 7 4 55 90 42 26 
51 184 185 11 106 2 128 33 26 
51 136 180 153 193 97 200 132 26 
51 184 5 182 157 138 18 183 26 
51 184 5 78 168 109 80 26 
51 136 180 34 188 74 38 152 26 
51 184 121 27 198 138 10 42 26 
51 136 180 34 156 2 63 86 26 
51 184 5 182 49 64 141 12 26 
51 20 17 98 59 188 67 24 42 26 
51 136 180 153 126 109 40 26 
51 20 17 131 193 97 200 152 26 
51 136 180 34 126 60 24 86 26 
51 136 180 11 46 67 177 12 26 
51 184 197 27 155 174 102 52 26 
51 20 17 173 193 116 128 33 26 
51 20 17 173 193 25 200 132 26 
51 15 154 95 70 74 128 33 26 
51 184 161 11 181 164 195 33 26 
51 136 180 173 44 25 200 152 26 
51 184 85 11 181 148 135 26 
51 184 121 129 49 138 18 183 26 
51 20 17 131 193 71 200 152 26 
51 136 180 34 181 164 117 196 26 
51 136 180 133 70 2 117 159 26 
51 184 121 27 49 62 82 42 26 
51 184 121 129 187 174 102 52 26 
51 136 180 95 87 174 149 12 26 
51 184 5 129 178 62 82 183 26 
51 184 185 95 158 148 103 196 26 
51 184 85 5 78 46 149 12 26 
51 184 5 7 198 62 163 52 26 
51 184 5 7 178 62 163 40 26 
51 20 17 173 193 116 109 135 26 
51 136 180 153 188 164 103 86 26 
51 15 107 91 130 55 149 42 26 
51 136 180 133 156 2 103 159 26 
51 136 180 95 70 74 195 159 26 
51 20 17 131 193 16 109 40 26 
51 20 17 131 193 71 195 88 26 
51 136 180 153 126 60 103 196 26 
51 184 5 78 126 140 195 159 26 
51 136 180 133 70 169 90 42 26 
51 184 5 7 178 64 141 52 26 
51 184 197 91 155 174 149 40 26 
51 136 180 173 119 188 60 80 26 
51 136 180 171 104 174 141 40 26 
51 136 180 11 94 109 135 26 
51 184 121 166 147 174 141 12 26 
51 136 180 11 46 149 52 26 
51 115 197 129 178 62 82 135 26 
51 184 191 95 168 109 103 139 26 
51 184 121 129 4 174 102 52 26 
51 136 180 66 79 164 200 152 26 
51 20 17 98 119 74 195 88 26 
51 20 17 173 193 74 195 88 26 
51 136 180 153 193 74 38 92 26 
51 184 5 7 198 62 82 183 26 
51 20 17 131 193 35 109 135 26 
51 136 180 153 70 140 117 80 26 
51 136 180 34 156 164 117 196 26 
51 136 180 34 188 2 38 92 26 
51 136 180 34 68 199 148 40 26 
51 184 5 182 49 138 18 52 26 
51 20 17 180 153 188 148 80 26 
51 136 180 153 106 67 80 26 
51 184 121 27 43 174 102 52 26 
51 20 17 131 193 97 195 159 26 
51 184 121 166 147 64 149 80 26 
51 136 180 34 181 116 200 132 26 
51 136 180 34 158 140 103 81 26 
51 136 180 171 104 64 149 80 26 
51 184 185 78 168 109 135 26 
51 184 5 182 49 62 163 135 26 
51 136 180 133 156 22 200 152 26 
51 184 5 171 32 64 90 42 26 
51 136 180 11 168 109 80 26 
51 15 154 95 8 174 149 12 26 
51 20 17 173 193 116 200 132 26 
51 20 17 131 193 35 38 135 26 
51 136 180 66 79 97 195 132 26 
51 20 17 131 193 16 128 33 26 
51 184 5 182 198 62 141 12 26 
51 136 180 153 94 67 80 26 
51 136 180 34 156 2 117 81 26 
51 136 180 133 193 97 195 88 26 
51 136 180 34 158 2 195 92 26 
51 15 154 95 158 148 128 33 26 
51 15 13 53 8 174 149 12 26 
51 136 180 34 106 116 128 132 26 
51 20 191 48 43 64 90 40 26 
51 136 180 133 156 164 103 132 26 
51 136 180 11 55 90 135 26 
51 184 5 7 178 64 149 40 26 
51 15 154 78 126 140 103 33 26 
51 136 180 133 156 140 117 80 26 
51 136 180 66 188 148 128 139 26 
51 184 5 182 49 62 18 183 26 
51 136 180 66 176 2 63 52 26 
51 136 180 95 158 140 103 86 26 
51 184 5 7 155 174 141 12 26 
51 184 197 129 178 62 82 42 26 
51 136 180 170 119 74 195 159 26 
51 184 5 182 198 62 163 52 26 
51 136 180 153 176 164 117 196 26 
51 184 197 27 45 101 102 80 26 
51 136 180 66 106 67 177 52 26 
51 136 180 133 193 35 128 33 26 
51 136 180 66 169 90 42 26 
51 184 121 27 198 138 18 52 26 
51 184 121 166 147 174 141 42 26 
51 136 180 133 70 109 128 33 26 
51 136 180 162 66 176 89 117 88 26 
51 15 107 53 8 64 149 80 26 
51 136 180 66 176 140 103 30 26 
51 184 85 11 46 149 12 26 
51 184 185 78 104 64 141 40 26 
51 184 121 27 178 174 141 42 26 
51 184 85 48 4 46 149 40 26 
51 136 180 153 79 140 63 12 26 
51 184 197 91 155 174 141 52 26 
51 136 180 153 106 67 135 26 
51 136 180 66 169 67 135 26 
51 136 180 34 126 148 135 26 
51 20 17 131 193 116 128 135 26 
51 184 5 78 126 60 24 183 26 
51 184 197 129 8 46 90 135 26 
51 136 180 11 46 90 135 26 
51 184 121 53 8 174 149 40 26 
51 184 197 27 198 62 163 12 26 
51 136 180 66 176 89 117 159 26 
51 184 185 84 66 199 90 42 26 
51 136 180 131 21 25 200 152 26 
51 184 197 129 130 174 102 80 26 
51 184 197 91 36 64 90 135 26 
51 136 180 153 188 164 103 88 26 
51 20 17 131 193 74 195 33 26 
51 136 180 11 55 149 42 196 26 
51 20 17 131 193 116 200 132 26 
51 136 180 173 193 97 200 132 26 
51 136 180 153 176 89 63 12 26 
51 184 185 180 11 46 149 52 26 
51 136 180 66 169 2 103 196 26 
51 184 5 78 168 55 149 52 26 
51 136 180 11 55 149 40 26 
51 136 180 11 46 90 117 152 26 
51 136 180 133 156 164 117 196 26 
51 184 161 11 55 109 40 26 
51 184 5 48 4 174 141 12 26 
51 184 185 11 181 60 135 26 
51 184 197 27 130 174 141 52 26 
